-1,56,599,1440,57,58,59,60,61,1290,
62,806,1215,1741,1742,63,542,64,993,1511,
1512,3049,3050,1513,65,2125,3086,4141,3087,4146,
3088,4148,1530,510,511,1968,1969,1018,3070,3036,
3854,3040,3966,4105,4008,2051,3408,3855,3856,3975,
537,2123,1460,4132,1948,4241,1949,66,631,991,
1484,1485,3426,3427,3688,3428,3680,3681,3682,3683,
4369,4214,4311,4370,4442,4476,4482,4411,4491,4492,
4493,4480,847,4494,67,565,566,849,1320,1755,
1321,68,69,536,1235,1236,1237,1238,2301,1756,
2296,2297,3205,4412,4478,4497,4215,4216,4112,4217,
3978,4218,4116,4219,3981,4220,4221,4222,4223,4361,
4224,4111,4404,4211,4212,4363,4458,4473,4225,3988,
4106,4298,3989,4107,4356,4207,4357,4399,4454,4208,
4299,4402,4302,4226,4232,4371,4227,4233,4228,3993,
4123,4231,4121,4230,4367,4366,4438,2650,3069,618,
619,642,2115,620,1007,964,1462,1981,1982,2501,
2502,2632,2633,2634,1973,1974,1975,2103,2104,2105,
1955,1956,1957,1466,1952,1953,621,965,975,1976,
1977,1978,2638,2107,2108,2109,2110,1203,1204,2923,
2656,3079,3873,3436,4015,4247,3080,3081,2576,2991,
2061,70,554,827,1287,2352,1288,2354,2806,2807,
2808,1800,1801,3753,1805,2351,3913,4258,4056,4057,
2810,4055,2814,3230,3231,3523,3755,3916,4263,4166,
4331,4261,4327,4262,4329,4423,4381,4382,4176,4272,
4273,4335,4384,4068,4069,4070,2372,2820,3758,3694,
2097,1452,1453,512,513,514,639,2657,2036,2658,
2659,3013,2038,2039,2777,1375,3004,2978,3736,3076,
3017,3018,3019,3020,3021,3027,2942,2511,2512,2581,
3030,3871,3612,3627,3392,3393,3394,3395,3396,3397,
3398,3105,3106,3103,1066,3817,3818,3819,3099,3100,
3661,3645,3646,3647,3872,769,3835,3455,1343,1344,
3923,1354,1355,2396,1841,2397,1456,3456,3457,3458,
3655,3160,3733,3166,3167,3168,2740,2741,2742,2743,
2744,2240,3648,3029,3605,3810,3813,3958,4199,2513,
2943,2514,2946,915,515,2515,2516,1544,1545,4018,
4026,4030,4019,4031,4027,4020,4021,4022,4033,4029,
2663,3695,3696,2935,3176,3960,71,1472,958,967,
963,983,626,1473,976,2052,2587,3667,608,2040,
3597,3321,3601,2041,2957,2042,3308,3582,2043,3338,
3599,3807,2958,2959,2044,2045,2046,3320,3330,3950,
3186,3187,3188,2517,125,2288,3025,2560,72,1418,
73,929,930,931,2446,2447,2889,3285,3559,924,
925,926,1914,2444,74,634,1517,75,1298,2364,
2365,2366,76,984,77,78,635,1524,1525,1526,
79,1283,132,80,835,1293,1295,1296,81,630,
985,986,987,988,2057,82,1792,2328,2329,2330,
2331,1481,2589,1482,1483,2066,3223,83,84,596,
2248,571,853,572,573,1835,2387,3737,864,865,
866,2848,1333,1334,1335,2392,2853,1063,770,771,
772,773,1157,1158,3649,774,1167,1702,775,776,
777,778,779,780,1729,3132,3133,3475,2275,2276,
2277,781,2162,3117,2176,782,1150,1687,1618,3467,
3125,3718,3887,1561,2145,2693,2773,2242,1088,1089,
1053,2152,1567,1921,1922,1923,1924,1925,3570,3569,
3571,3927,3775,3929,3779,2457,1820,1821,1926,1927,
2890,3773,4081,2243,2244,2245,3493,2891,3289,2909,
2910,3786,2448,1928,2897,4188,3936,3937,4291,4290,
3938,3784,3785,3575,3576,3045,3046,3047,2834,1608,
1609,1616,1270,1271,1562,2326,2795,3766,3920,2266,
3545,3918,4075,2049,2986,2987,2389,2390,2913,3305,
3335,1378,3738,2797,1887,1888,3701,4481,2745,2605,
2924,2348,2349,4181,4339,4426,4427,3260,3261,3549,
3550,2391,2845,3262,3767,4080,85,519,86,1739,
2281,2776,1212,2293,995,1300,1548,1549,794,532,
1205,1206,1207,87,543,2327,88,561,1818,819,
839,1301,1302,2373,2821,2828,2374,2833,3533,2823,
3236,3237,2283,2284,2824,3239,3530,3513,3514,3218,
3750,89,584,3300,2904,2905,4158,4159,840,90,
518,1040,2671,1554,2133,1041,1042,2136,660,661,
91,933,581,1400,1401,1402,1903,92,575,916,
2875,2881,1882,831,1208,1382,919,1383,1868,2425,
1364,93,954,953,1447,94,604,1448,95,807,
1229,1751,2781,3191,3501,1230,1231,2294,96,562,
844,845,1305,1823,97,556,832,1811,98,547,
99,100,823,3224,4256,4377,551,1794,1279,3437,
4183,4281,4282,4284,4347,4348,4420,4485,4508,4501,
4511,4512,4515,4520,4521,784,940,785,3801,786,
787,788,2829,2830,3306,789,2831,790,2936,996,
1551,540,490,2594,615,941,2803,792,3995,961,
1011,492,493,101,574,880,1359,1349,1358,1861,
2413,1865,2415,2416,3274,2871,3275,2872,920,1857,
1862,2873,1866,883,1850,1851,1852,1853,2864,1847,
2422,102,824,497,1281,1282,2337,103,583,104,
1272,1788,1789,2323,2794,2324,105,850,1324,106,
809,1264,2312,1265,1764,1266,1267,1778,1772,1781,
1775,4043,3903,3904,2791,1211,1012,1013,2304,2785,
2786,3745,3906,3505,4049,4050,107,133,500,637,
1002,1327,108,109,110,111,1330,1435,2383,1436,
2249,1437,1438,1935,1833,1683,1684,3174,1147,1148,
2252,2749,2750,867,646,1028,1020,126,127,128,
649,650,129,981,982,2588,3042,3410,3670,3671,
3860,4003,3999,4000,3997,4002,1022,3867,4318,4446,
1023,1024,3071,3869,4136,4320,4418,1025,2647,3423,
4004,4243,112,942,593,1433,1428,1430,1931,2464,
113,114