0,2600,1081,2531,0,0,0,0,0,0,
2533,123,63,1704,1818,1819,1608,1636,2,0,
1081,269,173,0,75,1645,0,1870,0,0,
1081,483,0,1864,0,0,1081,1648,1854,246,
173,2533,0,1127,2339,1742,0,0,0,1725,
0,2414,1693,0,0,0,0,3,8,19,
0,39,24,29,14,18,13,52,46,26,
37,10,54,55,16,43,11,12,15,35,
42,36,38,50,1118,22,23,30,44,59,
20,56,53,21,1820,25,45,40,32,60,
33,51,34,58,28,47,27,9,17,48,
49,41,61,31,57,0,929,0,0,1006,
0,0,0,0,173,0,909,2598,2599,2600,
1083,1082,0,2533,1975,1066,1092,2038,2039,2040,
2041,2042,2043,2044,2045,1989,2046,2048,2047,2049,
2050,1990,1991,2051,2052,2053,2055,2054,2056,1992,
1993,2057,2058,2059,2060,1994,1995,2061,2063,2062,
1996,2064,2065,2066,2069,2068,2067,1997,2070,1998,
2071,2072,2073,2074,2075,2076,2077,2079,2078,1999,
2080,2081,2082,2083,2084,2086,2085,2087,2088,2089,
2000,2090,2091,2092,2093,2094,2095,2096,2097,2098,
2001,2099,2100,2101,2121,2002,2102,2105,2104,2103,
2106,2107,2108,2110,2109,2111,2112,2003,2113,2114,
2115,2116,2117,2119,2118,2123,2124,2125,2004,2005,
2120,2122,2319,2126,2128,2127,2129,2131,2130,2006,
2132,2007,2008,2133,2134,1972,2135,1973,2136,2138,
2139,2140,2145,2009,2137,2141,2142,2143,2144,2146,
2010,2147,2148,2149,2150,2151,2152,2153,2154,2155,
2156,2178,2167,2169,2160,2162,2163,2165,2161,2168,
2166,2172,2171,2173,2174,2175,2176,2177,2170,2158,
2164,2159,2179,2180,2157,2181,2182,2183,2184,2185,
2186,2187,2188,2189,2190,2191,2193,2192,2194,2195,
2196,2197,2198,2199,2201,2200,2202,2203,2204,2206,
2205,2208,2209,2011,2207,2210,2211,2212,2213,2214,
2215,2012,2013,2014,2216,2217,2015,2218,2220,2219,
2221,2222,2223,2224,2225,2226,2227,2016,2017,2228,
2229,2230,2231,2232,2233,2234,2235,2236,2237,2238,
2239,2240,2241,2243,2242,2244,2245,2246,2247,2248,
2249,2250,2018,2251,2019,2252,2253,2020,2254,2021,
2255,2256,2257,2258,2022,2259,2260,2261,2263,2264,
2262,2265,2023,2266,2267,2268,2024,2270,2269,2271,
2025,2273,2274,2026,2272,2028,2275,2276,2027,2029,
2277,2278,2279,2280,2281,2283,2282,2284,2285,2286,
2030,2287,2288,2289,2290,2031,2291,2292,2293,2294,
2295,2297,2296,2298,2299,2300,2301,2303,2305,2304,
2302,2306,2307,2308,2309,2312,2313,2314,2315,2310,
2311,2032,2316,2317,2318,2320,2321,2323,2322,2033,
2034,2324,2325,2037,2326,2327,2330,2328,2329,2332,
2331,2333,2335,2334,2035,2336,2036,2337,2338,192,
1978,175,1979,1988,0,2406,2405,1050,1067,2534,
2535,578,859,0,0,860,0,577,858,173,
2600,128,0,574,575,0,0,0,1718,0,
1634,1634,1634,0,0,1634,1634,0,1637,1634,
173,1634,0,68,1827,270,0,2442,0,0,
0,1971,0,1651,0,1871,1872,0,1879,0,
1880,1874,2403,0,0,0,0,0,173,1084,
0,1702,0,236,245,247,248,244,2435,2535,
2546,1119,1125,1137,0,1798,248,1037,1021,1037,
1726,1723,0,0,1702,1873,2657,0,0,0,
2653,0,2658,0,1127,0,0,1,5,0,
0,2116,2005,2220,1811,1809,1966,0,900,930,
0,905,0,903,1984,1983,1982,0,916,915,
913,0,447,0,0,0,2609,907,1064,2532,
0,194,0,77,0,0,0,2538,0,0,
0,0,127,0,0,0,124,1152,1152,2600,
2602,2604,578,576,0,0,0,1722,1721,1720,
0,1718,2039,1989,2050,0,1939,0,0,0,
1406,0,1994,0,2064,2066,1999,0,0,1159,
1159,731,0,0,0,2088,2089,1945,0,0,
0,1936,1946,2005,2128,2129,0,1938,2134,0,
0,0,0,2151,1943,0,0,2188,2190,0,
0,2194,2195,2196,2197,1922,1214,0,731,1935,
1942,2213,1928,2221,2226,2227,0,2236,0,0,
2258,0,2264,2262,2268,0,0,2294,0,0,
731,1921,2312,2313,2314,2315,0,1937,2032,1944,
0,2326,1159,731,731,0,0,0,2333,2335,
2338,0,0,0,2570,1213,0,1371,0,1288,
1400,1171,1177,1191,0,1206,1224,1225,1227,1326,
1226,1232,1231,1609,1932,1230,1229,1933,1934,1223,
1956,1978,1955,0,0,0,0,0,0,0,
0,1638,0,0,1620,1634,70,0,0,0,
1968,1515,2417,2418,0,76,1653,1654,1652,1005,
0,1869,0,1883,0,1079,493,484,0,1793,
1792,0,1865,2547,0,0,1055,1656,1703,0,
1655,1860,0,1858,1855,1857,237,0,0,267,
0,2541,2538,2548,2583,2578,2577,2580,2581,1143,
2582,1142,2579,2576,1152,1138,1140,1141,775,0,
0,2359,2360,2201,2221,2361,2310,0,0,2380,
2340,2345,2341,0,0,775,1806,0,0,1806,
0,1550,1796,1799,0,2363,1774,856,855,854,
2364,1792,0,1750,1762,0,1727,1767,0,2365,
0,1795,0,1550,1806,0,1743,0,0,0,
0,243,1042,1041,1017,1038,1039,0,0,1020,
1022,1023,1019,0,2670,2415,1005,1927,1926,1976,
2654,1925,2662,2664,2650,2652,2659,1121,0,2552,
6,62,0,0,1824,2607,2608,2606,791,0,
1159,1985,2601,176,914,0,448,176,0,0,
0,0,0,449,450,382,918,0,898,911,
0,0,910,2609,0,0,1094,1096,1095,1112,
196,193,174,0,1052,1627,1629,1069,2537,0,
0,2539,2543,1212,1211,0,121,126,0,0,
0,2509,125,2503,2605,1152,1152,1152,2597,0,
2585,2592,2593,2596,2595,2594,2591,0,2584,2587,
2588,2590,2589,2609,2603,0,861,861,861,0,
1705,1708,1712,1716,1719,0,0,1520,1245,1520,
1520,1520,1407,0,0,0,0,0,0,0,
0,1520,0,1282,1255,0,1283,0,0,0,
1947,0,0,0,2570,0,0,0,0,1376,
0,0,0,2570,0,0,0,0,0,1402,
1404,1955,1520,0,0,1520,0,0,0,0,
0,1164,771,0,0,0,0,0,0,0,
0,0,0,0,0,0,1520,1520,0,0,
1520,1296,1949,0,0,0,1948,0,0,0,
1941,1940,1923,0,1299,1301,1300,0,1520,1520,
0,0,0,1235,1234,1236,0,0,0,0,
0,0,1210,1209,1208,1207,0,0,0,1215,
0,1216,1217,0,1218,1219,1220,0,0,0,
0,0,0,0,0,0,0,0,0,0,
0,0,0,0,0,0,1237,0,0,0,
1924,1335,0,1635,1615,1622,1617,0,1638,1618,
1626,462,461,1643,1644,1624,1639,1640,0,1623,
2501,1619,0,1610,0,69,0,1850,0,0,
0,1846,1848,1847,0,0,1851,0,1849,1828,
1832,1838,1829,0,0,268,271,273,0,276,
2452,2467,2468,2464,2469,2487,2470,2474,0,2466,
2458,0,2473,0,2462,2471,0,2456,0,2472,
2477,2488,2460,2465,2443,0,2450,2454,1516,1517,
0,2416,0,1967,0,0,1102,1884,1885,1881,
1515,2404,2407,0,494,0,0,505,0,0,
65,66,0,1086,0,1085,1089,0,0,0,
1659,1649,1658,1441,1861,1862,0,235,260,255,
263,257,259,258,264,265,266,261,256,262,
249,0,2452,0,2436,0,2542,0,2544,2561,
1126,2549,1149,1128,1148,0,1139,774,0,777,
779,1678,1679,778,787,0,776,0,0,0,
2366,0,783,785,784,2375,782,0,0,2350,
2371,1802,0,0,1773,0,578,0,0,0,
0,0,0,1744,0,0,621,0,1766,1551,
1800,1801,1806,0,0,1806,0,1779,1796,0,
1806,1739,0,0,1731,1736,1732,0,1738,1737,
1740,1728,1729,1802,1755,1780,1796,1765,1772,0,
1754,1761,0,1770,1796,1796,1806,1806,1043,0,
1026,1027,0,0,1724,1444,0,0,2651,2665,
2649,2660,2661,2648,1122,2553,1120,2554,0,7,
4,1823,1813,1814,1815,1816,1817,1812,1810,1825,
1826,792,791,569,572,571,0,0,1987,0,
906,0,436,904,0,0,414,393,414,451,
0,0,791,921,0,0,908,1065,0,0,
482,1112,1098,1114,0,197,199,0,0,0,
0,0,0,0,0,0,0,0,0,0,
0,0,0,0,0,0,0,0,0,0,
0,78,79,101,1054,1053,0,1051,1077,1076,
1074,0,1075,1073,1068,1070,1071,2536,2540,579,
791,424,0,385,0,0,0,0,0,578,
0,0,2586,110,862,0,0,0,1710,1631,
1441,1633,1966,0,0,0,1714,0,0,1521,
1520,0,1385,0,0,0,0,1408,0,0,
0,0,0,0,0,1356,0,1385,1160,0,
732,1306,0,0,0,0,0,0,1491,1492,
1493,1494,1502,1495,1496,1497,1504,1509,1498,1499,
1505,1506,1507,1500,1508,1503,1501,1510,0,1490,
0,0,1514,1511,1513,1512,0,1377,1369,0,
0,0,0,0,0,0,0,0,0,0,
1520,0,0,0,1520,0,0,0,0,0,
0,0,0,0,0,0,0,0,0,0,
0,0,1318,0,0,0,0,0,1520,0,
0,0,0,0,0,0,0,0,0,1278,
0,1958,1957,0,0,0,824,0,1239,0,
1238,1453,0,2555,2571,0,2366,1372,1374,0,
1162,1161,1163,1174,1167,1172,1165,1169,0,1221,
2045,1175,0,0,1203,2570,1529,1204,1189,1194,
1195,0,1192,1193,0,1197,0,1196,1200,1201,
1202,1205,0,0,0,0,1228,1233,1401,1152,
1959,0,1612,1625,1794,1641,1680,0,1007,0,
0,71,73,1843,1840,1839,1841,1845,1844,1842,
0,1852,2088,2312,2315,280,0,253,252,254,
277,0,0,2453,2451,2485,2484,2489,0,2486,
2482,2475,2510,2479,0,2510,2481,2480,2510,2476,
2483,2510,2448,0,1519,2124,2205,0,1522,2420,
1646,2669,0,1882,0,0,0,1080,0,1152,
492,491,490,489,0,507,487,495,67,0,
0,1866,0,0,0,0,1057,1657,0,0,
1630,1442,1863,1859,1856,0,0,2451,0,2448,
2545,2563,2562,2550,1152,1541,1153,1153,1955,2382,
0,2377,2376,0,0,0,2395,2378,0,0,
2344,2383,2384,2387,0,0,0,0,0,2381,
2310,2346,2347,0,2352,2342,0,0,1804,1807,
1808,0,0,1788,1782,1781,1777,1783,1778,1791,
1790,1789,1752,1751,1561,1562,1560,1554,1555,1559,
1558,1747,1797,1787,1785,1775,1806,1786,1784,1733,
1734,1735,0,1550,0,1804,1806,1796,0,1806,
1806,1769,1771,0,1029,1040,1025,1024,1462,1461,
0,1415,0,1417,1414,1413,1412,0,1461,2655,
2663,2667,0,1550,2560,2558,570,1680,1680,0,
1986,0,0,0,0,0,0,0,177,186,
0,0,391,392,1680,390,437,438,441,442,
443,0,0,0,0,0,0,0,0,130,
444,1680,1680,387,415,416,419,420,421,422,
423,383,0,388,0,919,1003,1680,1003,0,
1680,1680,1003,1680,0,0,1680,1680,0,0,
1680,0,0,1003,0,1680,0,990,0,0,
1680,1680,1680,1680,1680,1003,0,0,1680,482,
1680,0,0,1013,0,0,1680,1680,1680,1680,
0,0,1680,0,1680,937,989,582,608,609,
899,936,938,950,478,0,968,992,993,991,
0,923,925,2610,2611,2612,1101,1093,1100,1097,
1112,1110,1099,851,850,0,1113,195,0,0,
0,0,0,0,0,0,0,0,0,0,
0,0,0,0,0,0,0,0,0,0,
0,0,0,0,1628,1078,1072,122,791,1680,
1680,1680,1680,389,425,426,429,430,431,432,
435,433,434,0,0,401,0,0,2504,0,
2643,0,0,0,175,580,0,0,863,0,
0,0,0,0,1706,0,1969,1713,1444,1717,
1716,0,1302,0,1349,0,1351,1352,1353,0,
0,0,0,0,1303,0,1253,1304,1305,0,
0,0,0,1355,0,733,0,0,1256,1257,
1250,1242,0,0,1328,0,0,1258,0,0,
0,0,0,1329,1403,0,1405,1959,0,1361,
1310,1263,0,1359,0,1264,1330,1331,1332,1312,
1313,0,1334,0,1314,0,0,1317,0,0,
1266,1365,1363,0,0,0,0,1367,1268,0,
0,0,1267,0,0,0,0,0,0,0,
1270,0,1251,1364,1366,1320,0,0,0,0,
0,1279,0,2564,1452,2572,1453,0,0,2566,
2556,2561,2569,1243,0,0,1960,1168,1173,1166,
1170,2570,0,0,0,0,1187,1186,0,0,
0,2570,1529,1190,0,0,1345,1346,1398,0,
1616,1613,1642,1681,0,2502,1009,1008,1621,1007,
74,0,1837,1853,1830,0,272,281,274,278,
279,275,2478,0,2459,0,2463,2457,2461,0,
0,2449,0,2455,2430,2424,2431,2433,2427,2432,
2434,2425,2426,2421,2428,1523,1552,0,1103,1105,
1106,1104,1112,0,0,2410,2411,2409,2408,497,
0,1586,1587,1572,1573,1571,1574,506,1575,1585,
0,518,0,0,0,1868,1867,0,1087,1090,
1091,1062,1061,1063,1056,1058,1059,562,1663,0,
0,0,1669,1650,1660,0,0,250,0,0,
0,0,0,0,1147,1444,1601,1144,1132,1552,
1542,1131,1154,1150,0,790,789,788,786,0,
0,0,0,2389,2390,0,0,2367,2368,2369,
0,2373,2349,2350,0,2351,0,2401,2402,2399,
2400,2398,2372,1803,0,1756,0,1776,0,0,
1749,0,1768,1730,1758,1748,1522,1796,1745,1746,
0,1049,0,1045,1044,0,1018,1031,1461,1444,
0,0,1438,1463,0,1463,1444,1444,0,1444,
1441,1458,0,0,2666,1543,2559,0,0,902,
180,183,181,0,182,0,0,446,445,0,
1794,439,134,133,135,136,1569,1570,1566,1567,
1565,1568,138,137,132,917,0,0,0,1794,
417,394,395,398,399,400,0,1004,892,1081,
972,0,654,892,847,852,852,970,0,0,
1081,0,0,0,0,0,1081,0,0,0,
1680,0,983,932,0,0,0,0,0,984,
0,0,933,1680,0,0,0,0,0,0,
1081,0,0,480,0,1081,482,1016,1015,1014,
0,1081,1081,0,0,0,0,614,615,613,
0,0,606,583,791,934,479,935,653,0,
1010,650,656,1962,0,0,0,144,2614,0,
1482,198,102,100,82,1974,86,88,81,106,
1579,1580,1578,1576,1577,107,84,85,87,91,
90,92,93,96,97,94,89,95,83,98,
108,109,80,0,0,0,0,1794,427,0,
0,1680,384,402,403,406,407,408,409,410,
413,411,412,0,2505,2507,0,0,378,377,
0,139,2637,0,0,653,111,478,581,584,
885,887,886,877,876,112,115,118,1632,1716,
1444,1522,1967,1522,0,1715,0,0,1350,1386,
0,1409,0,1247,745,745,729,1394,725,745,
1390,729,1392,0,0,0,0,0,1357,1354,
0,0,0,0,0,1380,0,0,0,1252,
0,1340,1362,1360,0,0,0,0,0,0,
0,0,0,0,0,1368,0,0,0,0,
0,0,0,0,0,0,0,0,0,0,
813,819,822,823,825,817,0,1322,1240,1152,
2573,2575,1123,0,2565,2567,894,1373,0,1184,
1180,0,1178,1528,1199,1198,0,0,0,1188,
1153,1336,1152,0,1399,1961,994,460,620,1611,
72,1833,0,0,2514,0,2513,0,2497,2500,
1966,0,0,0,0,0,2419,1553,1690,0,
1112,1116,1977,1875,2412,2413,0,498,499,501,
1153,515,493,0,485,488,0,497,0,1060,
1137,0,1682,1667,1674,1668,0,0,0,1666,
1951,1950,1957,2548,0,1488,0,0,0,0,
0,0,2551,1522,1522,1595,0,0,1129,1134,
1130,1133,0,1151,1158,1157,1952,1959,2379,0,
0,0,0,2394,2388,2385,2386,0,2348,2370,
2354,2353,2356,2358,1805,1550,1764,1763,1557,1556,
1741,1550,1760,1806,0,0,0,0,0,1033,
0,2555,1456,0,1440,1439,1464,0,1444,1463,
1463,0,1420,1419,1694,1697,0,1418,1515,1446,
1137,2656,2668,0,619,618,185,184,190,191,
1583,1581,1582,452,463,1584,464,440,131,453,
454,418,0,396,920,655,893,955,0,0,
0,852,649,892,861,853,892,892,999,1000,
0,0,593,590,974,602,953,944,954,965,
967,0,592,616,0,0,604,0,939,981,
982,1007,587,0,0,629,630,628,610,617,
1001,1002,588,589,976,0,1537,1539,1547,595,
594,0,591,0,952,987,960,0,627,625,
622,624,623,626,605,597,596,599,598,601,
600,603,949,0,1003,1003,969,0,637,638,
640,641,1965,0,1012,971,0,642,651,643,
0,0,0,154,0,0,922,0,147,145,
156,0,0,0,1485,0,1486,1483,1484,0,
103,105,459,458,457,456,428,0,0,0,
1794,404,2506,0,0,2644,381,379,380,0,
0,200,635,636,634,633,0,467,0,465,
0,477,0,1886,791,585,0,0,0,0,
1522,1541,1970,1709,0,1280,1410,0,0,746,
1387,799,0,1396,0,1397,727,726,1389,1391,
1395,1393,1246,1254,1327,1249,1248,0,0,0,
1286,1308,0,1287,0,1378,0,0,1260,0,
1262,0,0,1342,1311,1333,1289,1315,0,1265,
1241,0,1290,0,1295,1293,0,1269,0,0,
1276,0,1274,0,1275,0,1277,1319,1321,0,
0,824,810,811,812,0,814,816,818,0,
0,1454,2574,1124,0,0,1375,1176,0,1185,
1182,0,1179,1154,1347,1337,1614,996,995,1835,
0,1831,289,284,292,286,288,287,293,294,
295,296,290,285,291,283,282,2511,0,2522,
0,0,0,0,0,0,1524,0,1647,1107,
1112,1116,0,1108,1886,502,0,0,0,522,
0,520,496,0,1088,1152,1664,1676,0,1684,
0,0,1661,1671,0,0,0,1670,482,0,
251,0,2441,0,0,0,1552,1530,0,0,
1607,0,1602,1145,0,1156,1155,0,2397,2396,
2392,2391,2393,2374,0,0,1757,1759,1753,1048,
1047,1046,1030,0,0,1035,2561,1515,1448,1444,
1416,1444,1427,0,0,1444,1423,1421,1425,0,
1522,0,1480,1152,1954,1544,1547,397,957,0,
892,848,849,861,0,861,861,0,0,943,
0,1069,0,948,787,611,980,979,0,612,
0,941,0,1548,1549,1540,481,940,962,946,
1852,973,653,1011,829,721,670,661,745,664,
663,707,729,675,725,723,693,725,725,700,
699,717,703,683,799,799,682,720,799,704,
702,706,0,708,725,713,701,705,722,698,
695,719,745,729,729,679,718,799,0,711,
745,749,681,799,806,0,0,745,747,1964,
155,143,0,0,924,926,0,0,927,2616,
0,2618,0,1115,0,99,0,0,386,455,
405,2508,0,211,1152,0,0,201,203,204,
0,0,0,580,1888,1887,466,565,586,0,
0,0,1716,1711,1563,0,1411,0,0,0,
0,793,804,802,796,0,800,801,1388,0,
0,1358,0,0,0,1381,0,0,0,0,
0,0,0,1244,0,1338,0,0,0,0,
0,0,1273,1271,1272,808,1324,0,821,815,
813,820,0,1552,2555,895,1181,0,1348,998,
997,0,0,2512,0,2447,2499,2498,2515,2515,
2515,1689,1688,0,1687,1691,1109,1117,0,500,
503,0,495,0,519,0,486,563,0,0,
0,1685,1673,2552,1662,1665,1959,1443,1489,0,
2438,2439,2437,1136,0,1525,1606,1603,0,1596,
1598,1600,0,1953,2355,2357,1032,0,0,1028,
1449,1447,1457,0,1412,1444,1444,0,1412,0,
0,0,1696,1541,1698,1445,1477,1459,0,1546,
0,0,956,0,0,0,0,0,0,986,
0,1010,945,966,988,0,749,1081,1538,961,
963,1057,0,639,0,833,669,662,680,678,
734,724,0,734,734,689,707,684,0,799,
697,688,709,712,714,716,734,0,799,677,
676,686,673,734,757,0,0,0,0,753,
0,827,0,0,760,657,750,752,0,0,
710,799,666,807,806,668,799,806,734,0,
748,734,0,141,146,157,158,912,2615,0,
2613,0,1111,1487,104,0,0,214,212,213,
0,207,209,204,2631,0,2638,0,0,2636,
468,470,478,566,0,0,1547,890,0,0,
0,1707,1281,743,741,744,742,795,794,798,
0,797,806,730,0,1284,1285,1309,0,1379,
1370,1307,0,1261,1339,0,0,1316,1291,1294,
1292,1297,1298,0,1323,0,1144,1144,631,2568,
1183,1836,1834,0,0,2520,2520,2520,2429,0,
0,0,1152,508,0,525,524,521,1552,1675,
1677,1683,1672,2440,0,1526,1541,780,1599,0,
1146,1034,0,0,1428,0,1432,1437,1433,0,
1424,1422,0,1563,1481,0,1552,1547,959,0,
652,0,0,0,0,0,0,0,0,0,
0,985,1929,975,482,977,942,0,947,607,
0,832,0,837,738,739,740,690,735,737,
0,692,660,685,715,691,0,687,674,763,
764,766,765,762,772,755,773,0,0,767,
768,769,761,751,759,754,665,667,671,672,
658,0,659,1963,148,928,317,2617,2625,0,
2627,2620,129,2635,2645,211,0,0,152,0,
202,787,205,2552,1886,0,473,864,0,889,
0,866,868,1564,805,803,0,1382,1547,0,
1341,1343,809,0,1455,632,2523,0,0,2519,
2517,0,2518,2516,2490,0,2445,2446,2444,1686,
0,0,0,516,0,0,550,564,1534,1547,
0,1552,0,1604,1597,1036,1450,0,0,0,
0,0,1695,1469,1470,0,0,1475,1479,1460,
1545,958,0,0,864,0,0,1931,1930,951,
1010,0,830,0,834,835,836,0,828,736,
0,896,0,756,758,0,150,343,0,329,
315,0,0,0,319,159,162,160,0,161,
167,0,168,169,170,171,172,163,341,342,
166,164,165,0,1980,0,1981,1127,0,0,
2623,0,2619,2548,178,208,0,0,144,153,
2639,770,471,469,0,2548,0,1680,113,865,
881,880,870,1547,0,0,116,867,883,874,
119,869,882,872,728,0,1384,1259,1325,2496,
2495,2494,2491,0,0,0,0,0,0,2521,
2525,0,1441,1153,0,509,0,512,514,528,
0,1680,0,0,1680,1680,1680,1680,543,551,
553,0,1535,1536,0,1531,1533,1527,1588,781,
1889,2555,1429,0,1434,0,1426,1465,1465,1476,
0,864,644,866,868,978,0,831,0,0,
799,0,799,149,0,142,0,0,328,331,
0,0,334,324,323,325,0,318,317,317,
371,322,368,367,360,2626,0,2552,0,0,
0,2621,2646,210,1152,156,0,475,474,879,
0,994,871,888,891,0,994,875,994,873,
1547,2492,2526,2529,2527,2528,2530,2524,1692,1700,
0,1876,0,517,510,0,0,526,0,1680,
1680,0,0,0,0,0,523,552,1680,1547,
0,1135,0,1897,1451,0,0,0,1473,1471,
648,647,645,646,0,843,0,842,0,839,
838,694,897,696,151,344,355,358,350,330,
0,0,0,320,317,0,304,302,303,309,
310,311,312,313,314,305,308,306,307,317,
0,219,0,0,2624,2622,0,2628,0,188,
187,179,0,317,2632,0,2640,2552,878,114,
884,117,120,1383,0,0,780,504,516,513,
536,529,532,0,561,0,0,557,558,556,
554,547,0,545,0,1532,1589,0,0,0,
0,1890,1892,0,1605,1431,1436,0,1466,0,
0,0,964,845,846,844,0,0,0,0,
317,351,0,326,0,335,0,0,217,374,
372,215,362,362,2629,2630,189,2647,0,158,
178,476,1699,1701,1877,511,536,0,534,0,
530,527,531,559,560,0,544,0,555,0,
0,0,0,0,1891,0,0,1898,1900,1468,
1467,1482,0,0,0,352,358,348,356,317,
0,0,316,0,370,218,0,0,0,317,
0,361,363,365,0,140,2641,1903,533,0,
541,537,539,542,550,549,546,1591,1895,1896,
0,1893,0,0,1899,0,0,841,840,0,
349,0,0,347,327,332,317,375,317,229,
228,0,221,297,369,0,220,2633,317,0,
1889,535,0,0,548,1594,0,1592,1894,1902,
1901,1474,1472,353,0,317,0,317,0,317,
0,0,0,0,0,216,317,2642,0,1897,
540,538,1590,0,0,345,317,333,338,0,
0,224,298,299,0,226,2634,0,1905,1593,
317,317,334,337,376,373,0,300,222,223,
234,233,0,1904,0,1909,317,317,339,242,
240,317,230,238,232,0,239,0,227,0,
0,1916,0,225,241,301,1907,1908,1906,1911,
0,0,1913,1914,0,1878,231,1915,1910,0,
1917,1919,0,1912,0,1152,1918,0,1153,1920