4741,193,87,-3874,402,788,47577,815,1304,1304,
536,2482,-3874,-3874,-3874,-3874,-3874,3329,-3874,47577,
87,1137,-3874,23644,-3874,-3874,776,186,179,1304,
87,-3874,47577,-3874,786,-143,87,-3874,-3874,41447,
-3874,536,47577,-3874,-3874,-3874,41447,-108,812,743,
1028,-3874,-3874,47577,1834,-155,1461,1339,-3874,-3874,
1042,-3874,-3874,-3874,-3874,-3874,-3874,-3874,-3874,-3874,
-3874,-3874,-3874,-3874,-3874,-3874,-3874,-3874,-3874,-3874,
-3874,-3874,-3874,-3874,-3874,-3874,-3874,-3874,-3874,-3874,
-3874,-3874,-3874,-3874,24260,-3874,-3874,-3874,-3874,-3874,
-3874,-3874,-3874,-3874,-3874,-3874,-3874,-3874,-3874,-3874,
-3874,-3874,-3874,-3874,-3874,1341,47577,1464,47577,-3874,
1439,47577,39608,47577,-3874,1130,1489,-3874,-3874,1569,
-3874,-3874,1304,536,-3874,-3874,-3874,-3874,-3874,-3874,
-3874,-3874,-3874,-3874,-3874,-3874,-3874,-3874,-3874,-3874,
-3874,-3874,-3874,-3874,-3874,-3874,-3874,-3874,-3874,-3874,
-3874,-3874,-3874,-3874,-3874,-3874,-3874,-3874,-3874,-3874,
-3874,-3874,-3874,-3874,-3874,-3874,-3874,-3874,-3874,-3874,
-3874,-3874,-3874,-3874,-3874,-3874,-3874,-3874,-3874,-3874,
-3874,-3874,-3874,-3874,-3874,-3874,-3874,-3874,-3874,-3874,
-3874,-3874,-3874,-3874,-3874,-3874,-3874,-3874,-3874,-3874,
-3874,-3874,-3874,-3874,-3874,-3874,-3874,-3874,-3874,-3874,
-3874,-3874,-3874,-3874,-3874,-3874,-3874,-3874,-3874,-3874,
-3874,-3874,-3874,-3874,-3874,-3874,-3874,-3874,-3874,-3874,
-3874,-3874,-3874,-3874,-3874,-3874,-3874,-3874,-3874,-3874,
-3874,-3874,-3874,-3874,-3874,-3874,-3874,-3874,-3874,-3874,
-3874,-3874,-3874,-3874,-3874,-3874,-3874,-3874,-3874,-3874,
-3874,-3874,-3874,-3874,-3874,-3874,-3874,-3874,-3874,-3874,
-3874,-3874,-3874,-3874,-3874,-3874,-3874,-3874,-3874,-3874,
-3874,-3874,-3874,-3874,-3874,-3874,-3874,-3874,-3874,-3874,
-3874,-3874,-3874,-3874,-3874,-3874,-3874,-3874,-3874,-3874,
-3874,-3874,-3874,-3874,-3874,-3874,-3874,-3874,-3874,-3874,
-3874,-3874,-3874,-3874,-3874,-3874,-3874,-3874,-3874,-3874,
-3874,-3874,-3874,-3874,-3874,-3874,-3874,-3874,-3874,-3874,
-3874,-3874,-3874,-3874,-3874,-3874,-3874,-3874,-3874,-3874,
-3874,-3874,-3874,-3874,-3874,-3874,-3874,-3874,-3874,-3874,
-3874,-3874,-3874,-3874,-3874,-3874,-3874,-3874,-3874,-3874,
-3874,-3874,-3874,-3874,-3874,-3874,-3874,-3874,-3874,-3874,
-3874,-3874,-3874,-3874,-3874,-3874,-3874,-3874,-3874,-3874,
-3874,-3874,-3874,-3874,-3874,-3874,-3874,-3874,-3874,-3874,
-3874,-3874,-3874,-3874,-3874,-3874,-3874,-3874,-3874,-3874,
-3874,-3874,-3874,-3874,-3874,-3874,-3874,-3874,-3874,-3874,
-3874,-3874,-3874,-3874,-3874,-3874,-3874,-3874,-3874,-3874,
-3874,-3874,-3874,-3874,-3874,-3874,-3874,-3874,-3874,-3874,
-3874,-3874,-3874,-3874,-3874,-3874,-3874,-3874,-3874,-3874,
-3874,-3874,-3874,-3874,-3874,-3874,-3874,-3874,-3874,-3874,
-3874,-3874,-3874,-3874,-3874,-3874,-3874,-3874,-3874,-3874,
-3874,-3874,-3874,-3874,-3874,-3874,-3874,-3874,-3874,-3874,
-3874,-3874,-3874,-3874,-3874,-3874,-3874,-3874,-3874,-3874,
-3874,1074,-3874,-3874,1160,-3874,-3874,-3874,-3874,-3874,
1715,1538,-3874,1572,39608,-3874,47577,-3874,-3874,-3874,
1206,-3874,1239,-3874,1283,1573,1591,1604,155,11131,
1638,1638,1638,47577,1668,1638,1638,47577,-3874,1638,
-3874,1638,1304,-3874,-3874,-3874,1742,-3874,47577,1507,
505,624,39608,1497,47577,-3874,-3874,11131,-3874,1653,
-3874,-3874,-3874,1304,1862,1733,887,47577,-3874,-3874,
1304,1246,719,1347,-3874,-3874,1457,-3874,-3874,162,
-3874,-3874,-3874,2130,26108,6178,1457,-70,-124,-70,
-3874,-3874,47577,1304,1675,-3874,-3874,276,276,276,
-3874,276,-3874,276,-3874,-155,1326,-3874,-3874,1323,
47577,777,1818,2011,-3874,-3874,1344,858,-3874,1410,
36543,-3874,47577,-3874,-3874,-3874,-3874,1631,-3874,-3874,
-3874,2049,-3874,36543,23644,47577,1490,-3874,-3874,-3874,
23644,1390,47577,-3874,23644,23644,192,13,1587,47577,
47577,1824,-3874,2025,36543,1574,-3874,166,-97,1569,
2032,-3874,1538,-3874,47577,47577,47577,-3874,-3874,-3874,
42060,155,1406,1417,1419,15569,-3874,1424,1448,1450,
11131,1466,1470,1472,1478,1491,1505,1517,1522,1525,
1525,1543,1547,1563,1565,-165,1567,-3874,1595,1605,
1636,-3874,-3874,1642,1649,1660,1677,-3874,1691,1697,
1704,11765,1721,1730,-3874,20555,1738,1782,1791,1798,
1806,1823,1833,1835,1837,-3874,-3874,11131,1543,-3874,
-3874,1840,-3874,1852,1860,1869,1871,1891,1900,1903,
1906,1911,1923,1936,1939,1944,1964,1976,1980,1988,
1543,-3874,877,1992,1997,1076,2001,-3874,2015,-3874,
287,2017,1525,1543,1543,2021,2026,2029,2037,2041,
2050,15569,15569,15569,11131,-3874,47577,-3874,47577,-3874,
1544,3167,-3874,2117,15569,901,-3874,-3874,-3874,-3874,
-3874,-3874,-3874,1437,1531,-3874,-3874,-3874,-3874,-3874,
-3874,2059,1453,1928,47577,47577,47577,1750,47577,47577,
39608,54,47577,36543,-3874,1638,1545,3242,29183,2746,
-3874,140,-3874,-3874,47577,-3874,-3874,-3874,-3874,1993,
1731,1544,2235,197,23644,-3874,783,-3874,834,-3874,
-3874,2019,-3874,-3874,36543,23644,-3874,-3874,-3874,21173,
-3874,-3874,2251,-3874,1673,-3874,-3874,1531,3565,-3874,
3810,1870,13,1769,-3874,-3874,-3874,-3874,-3874,-3874,
-3874,-3874,-3874,-3874,1752,2130,-3874,-3874,314,1941,
1781,321,397,34091,94,484,96,26723,34704,1786,
-3874,-3874,-3874,841,2315,-3874,273,2064,2282,273,
37156,2229,1576,-3874,151,-3874,2310,-3874,-3874,-3874,
-3874,2187,2125,-3874,-3874,290,2515,-3874,2559,-3874,
681,-3874,2206,2229,273,1576,-3874,2457,2581,486,
957,-3874,-3874,-3874,-3874,2122,-3874,712,2677,-3874,
2134,-3874,-3874,23644,-3874,-3874,1993,-3874,-3874,-3874,
2146,-3874,2397,2248,-3874,-3874,40,-3874,2152,26,
2635,-3874,39608,2071,37769,-3874,-3874,-3874,2669,2693,
1525,2170,-3874,-3874,-3874,2803,-3874,-3874,2183,2711,
2711,2711,2815,-3874,-3874,-3874,2199,2448,-3874,-3874,
2376,2245,-3874,1490,23644,2619,2228,-3874,-3874,2476,
11131,-3874,-3874,4162,49,-3874,-3874,1405,-3874,2810,
2435,-3874,-3874,-3874,-3874,2701,-3874,-3874,2803,2762,
2711,2651,2241,-3874,-3874,-3874,-3874,-3874,-3874,233,
-3874,-3874,-3874,-3874,-3874,-3874,-3874,244,-3874,-3874,
-3874,-3874,-3874,1490,-3874,23644,-3874,-3874,-3874,23644,
-3874,2242,-3874,2237,-3874,11131,11131,316,2809,2869,
2869,2869,1544,2278,11131,11131,11131,11131,11131,11131,
11131,1298,2256,-3874,-3874,678,-3874,2257,11131,11131,
-3874,11131,11131,24876,-3874,3961,11131,11131,1030,2754,
11131,11131,11131,11131,3139,11131,11131,24876,2884,2262,
-3874,2260,1374,11131,11131,1420,11131,11131,11131,11131,
11131,-3874,-3874,11131,11131,11131,11131,15569,11131,11131,
11131,11131,11131,11131,2268,11131,2869,2869,11131,11131,
1513,-3874,-3874,11131,2764,2764,-3874,11131,7961,11131,
-3874,-3874,-3874,2275,-3874,-3874,-3874,24876,2869,2869,
11131,11131,11131,2809,2809,2809,265,2276,-133,11131,
27338,2274,-3874,-3874,-3874,-3874,11131,11131,11131,-3874,
15569,-3874,-3874,2449,-3874,-3874,-3874,12399,15569,15569,
2292,15569,15569,15569,15569,15569,2664,15569,15569,16203,
16837,15569,15569,15569,15569,178,2809,39608,15569,11131,
-3874,-3874,47577,-3874,-3874,-3874,2289,23644,54,-3874,
-3874,-3874,-3874,-3874,-3874,2297,54,-3874,2781,-3874,
-3874,2306,23644,-3874,2302,-3874,2670,-3874,2675,2676,
2686,-3874,-3874,-3874,2914,2689,-3874,2690,-3874,-3874,
2335,-3874,-3874,17471,39608,-3874,2338,-3874,2814,-3874,
2563,2516,1674,-3874,-3874,-3874,-3874,-3874,2604,-3874,
-3874,2439,-3874,2620,-3874,-3874,362,-3874,106,-3874,
-3874,-3874,-3874,-3874,-3874,2625,2351,-3874,-3874,-3874,
47577,-3874,48190,-3874,21173,402,-3874,-3874,-3874,2727,
172,2368,-3874,23644,-3874,93,93,2616,1532,39608,
-3874,-3874,157,2371,2450,2377,-3874,2454,23644,23644,
-3874,-3874,-3874,2628,-3874,3002,719,-3874,-3874,-3874,
-3874,-3874,-3874,-3874,-3874,-3874,-3874,-3874,-3874,-3874,
2391,2873,2563,2665,-3874,2672,-3874,47577,-3874,1527,
-3874,-3874,-3874,2401,-3874,11131,-3874,-3874,47577,-3874,
-3874,-3874,-3874,-3874,2966,11131,-3874,36543,-62,1138,
977,841,-3874,-3874,-3874,-3874,-3874,47577,42673,2406,
-3874,2801,402,11131,-3874,2415,1538,47577,47577,47577,
23644,47577,23644,-3874,966,966,-3874,35317,-3874,-3874,
-3874,-3874,273,47577,47577,273,36543,-3874,1576,47577,
273,-3874,2800,2511,-3874,-3874,-3874,2874,-3874,-3874,
2865,2422,-3874,2801,-3874,-3874,1576,-3874,-3874,23644,
-3874,-3874,1576,-3874,1576,1576,273,273,2474,-70,
-3874,-3874,2571,-124,-3874,1069,276,2674,-3874,-3874,
-3874,-3874,-3874,-3874,-3874,-3874,-3874,-3874,105,-3874,
-3874,-3874,-3874,-3874,-3874,-3874,-3874,-3874,-3874,-3874,
-3874,-3874,116,-3874,-3874,-3874,1970,2930,-3874,39608,
2420,-103,673,2420,1892,402,1680,-3874,1680,-3874,
36543,2905,3793,2715,212,23644,-3874,2452,43286,23644,
-3874,-3874,-3874,1404,2459,2461,1544,2939,2940,2943,
2945,2947,2949,2953,2957,2959,2960,2961,2962,2965,
2967,2968,2969,2973,2977,2982,2985,2986,2987,2992,
2993,2489,-3874,-3874,-3874,-3874,23644,-3874,-3874,-3874,
-3874,2566,-3874,-3874,-3874,-3874,2031,-3874,-3874,-3874,
199,2246,2540,2572,76,36543,2971,47577,47577,1538,
47577,47577,-3874,-3874,935,2789,2794,2812,2535,-3874,
2628,-3874,1288,47577,2994,31026,-3874,308,478,-3874,
2869,2550,-3874,2553,2556,2557,11131,47,1639,547,
1429,1455,1009,345,322,-3874,2558,2565,-3874,2560,
-3874,-3874,347,474,1063,1070,2561,2569,-3874,-3874,
-3874,-3874,-3874,-3874,-3874,-3874,-3874,-3874,-3874,-3874,
-3874,-3874,-3874,-3874,-3874,-3874,-3874,-3874,3012,-3874,
517,1500,-3874,-3874,-3874,-3874,2579,-3874,-3874,1110,
531,533,336,2589,543,1548,1568,2573,24876,47577,
2869,2584,1112,1122,2869,2588,644,1166,1620,1645,
1694,1168,1213,648,1712,2716,1215,770,838,1238,
843,861,-3874,1256,2590,2593,869,241,2869,2594,
349,2597,2602,1262,9229,9863,10497,326,895,-3874,
2595,-3874,2260,2605,2606,386,313,1272,-3874,11131,
-3874,-3874,529,1141,2657,138,977,-3874,2761,47577,
2333,121,-3874,-3874,-3874,-3874,-3874,-3874,762,-3874,
2611,-3874,2626,1770,2618,11131,215,2618,2293,1353,
1353,15569,3049,3073,11765,1359,11765,1359,2618,2618,
2618,-3874,15569,2629,15569,15569,-3874,2809,1544,2632,
1044,47577,-3874,2297,698,-3874,841,36543,258,23644,
39608,2633,-3874,-3874,-3874,-3874,-3874,-3874,-3874,-3874,
3855,23644,2719,2725,2728,-3874,29798,-3874,-3874,-3874,
-3874,29798,741,-3874,-3874,-3874,-3874,-3874,2731,-3874,
-3874,-3874,2630,-3874,36543,2630,-3874,-3874,2630,-3874,
-3874,2630,797,3756,-3874,732,831,3638,2666,-3874,
-3874,-3874,23644,-3874,3052,-32,23644,2452,2652,-3874,
-3874,-3874,-3874,-3874,2691,2753,-3874,3276,-3874,11131,
402,-3874,36543,36543,23644,23644,822,-3874,1260,2658,
-3874,-3874,-3874,-3874,-3874,3565,17471,2660,36543,941,
-3874,-3874,-3874,-3874,-3874,1223,1544,-3874,2656,-3874,
38382,-3874,1544,841,2667,2668,-3874,-3874,3030,733,
-3874,2663,2673,-3874,2661,2680,2681,43899,11131,-3874,
1138,-3874,-3874,841,-3874,-3874,8595,402,3107,-3874,
1544,2679,47577,-3874,-3874,-3874,-3874,-3874,-3874,-3874,
-3874,-3874,-3874,-3874,-3874,-3874,-3874,-3874,628,-3874,
-3874,-3874,-3874,-3874,-3874,-3874,273,-3874,-3874,-3874,
-3874,-3874,2890,2229,2515,3107,273,1576,23644,273,
273,-3874,-3874,2857,2723,-3874,-3874,-3874,-3874,-3874,
47577,2342,2835,-3874,2683,-3874,-3874,23644,-3874,2688,
-3874,3121,3266,2229,-3874,-3874,-3874,841,841,2974,
-3874,402,2817,2819,2821,2823,2825,2868,-3874,-3874,
402,402,-3874,-3874,841,-3874,1365,-3874,-3874,-3874,
-3874,402,402,402,402,2722,402,402,1722,-3874,
-3874,841,841,-3874,2104,-3874,-3874,-3874,-3874,-3874,
-3874,-3874,252,-3874,2963,-3874,2685,841,3277,2964,
841,841,3277,841,2976,2978,841,841,2806,3233,
841,3117,2829,2831,3126,841,2984,-3874,2838,3245,
841,841,841,841,841,3277,2996,3332,841,-3874,
841,3000,3001,214,3004,3005,841,841,841,841,
156,47577,841,3009,841,-3874,-3874,6242,-3874,-3874,
-3874,-3874,-3874,-3874,-78,21789,-3874,-3874,-3874,-3874,
438,-3874,2975,-3874,-3874,-3874,-3874,-3874,-3874,-3874,
-3874,-3874,-3874,-3874,-3874,2749,-3874,-3874,11131,2757,
2722,402,2722,2722,402,402,846,402,2722,2722,
402,402,402,402,402,402,402,2722,2722,402,
892,402,2722,4162,-3874,-3874,-3874,-3874,203,841,
841,841,841,-3874,2136,-3874,-3874,-3874,-3874,-3874,
-3874,-3874,-3874,39608,3124,2129,1134,39608,-3874,47577,
-3874,383,47577,2768,-116,5337,835,835,-3874,23644,
23644,23644,47577,2824,-3874,31026,-3874,-3874,1069,-3874,
2767,13033,-3874,2771,-3874,11131,-3874,-3874,-3874,1482,
11131,11131,3264,2108,-3874,38995,-3874,-3874,-3874,11131,
38995,2108,11131,-3874,2786,-3874,3184,3185,-3874,-3874,
-3874,-3874,11131,11131,-3874,11131,11131,-3874,11131,11131,
11131,11131,11131,-3874,-3874,15569,-3874,2782,2793,-3874,
-3874,-3874,2795,-3874,11131,-3874,-3874,-3874,-3874,-3874,
-3874,11131,-3874,11131,-3874,11131,11131,-3874,11131,11131,
-3874,-3874,-3874,13667,11131,11131,2796,-3874,-3874,11131,
11131,11131,-3874,11131,1553,11131,1702,11131,1747,11131,
-3874,11131,-3874,-3874,-3874,-3874,11131,356,2691,2722,
2797,-3874,1735,-3874,-3874,1789,-3874,529,2799,-3874,
-3874,1527,-3874,-3874,39608,11131,-3874,-3874,-3874,-3874,
-3874,-3874,15569,407,2813,15569,-3874,2293,3139,3139,
1954,11131,215,2293,11131,2820,2805,-3874,11131,47577,
-3874,-3874,-3874,-3874,39608,-3874,-3874,-3874,-3874,258,
-3874,2302,-3874,2452,-3874,3270,2808,-3874,-3874,-3874,
-3874,-3874,-3874,47577,-3874,2885,-3874,-3874,-3874,22407,
22407,-3874,22407,-3874,-3874,-3874,-3874,-3874,-3874,-3874,
-3874,-3874,-3874,-3874,-3874,-3874,2229,1260,-3874,2811,
-3874,-3874,2476,2900,2842,3187,-3874,-3874,-3874,47577,
15569,-3874,-3874,-3874,-3874,-3874,-3874,-3874,-3874,-3874,
3411,2828,2836,3310,2837,1544,-3874,2913,-3874,-3874,
-3874,-3874,-3874,-3874,-3874,-3874,745,-3874,-3874,2840,
2840,19321,-3874,-3874,-3874,47577,3318,-3874,3274,3286,
22407,22407,22407,622,-3874,538,-3874,195,3241,2229,
-3874,3289,40221,-3874,31639,-3874,-3874,-3874,-3874,-62,
2936,2937,1289,-3874,-3874,3239,3068,-3874,-3874,-3874,
841,1544,-3874,2406,8595,2853,27953,-3874,15569,1595,
-3874,1544,-3874,-3874,846,-3874,84,-3874,35317,35317,
-3874,3128,-3874,-3874,-3874,-3874,2666,1576,-3874,-3874,
3333,-3874,3335,-3874,2855,3337,-3874,3105,-3874,886,
3247,3249,-3874,3122,945,3122,886,886,24876,1069,
2628,-3874,2722,3175,-3874,-3874,-3874,38382,35930,-3874,
-3874,-3874,-3874,3394,-3874,3395,236,-3874,-3874,2369,
1340,-3874,-3874,-3874,-3874,-3874,-3874,-3874,-3874,-3874,
-3874,-3874,-3874,-3874,-3874,-3874,1892,2369,2369,1484,
-3874,132,-3874,-3874,-3874,-3874,3341,-3874,25492,87,
-3874,286,-3874,25492,-3874,1404,1404,-3874,44512,25492,
87,846,2722,25492,2722,45125,87,402,402,2312,
841,2722,-3874,-3874,3254,47577,3263,25492,25492,-3874,
39608,47577,-3874,841,1235,2722,45738,846,846,25492,
87,24876,2337,-3874,402,87,-3874,-3874,-3874,-3874,
23644,87,87,1717,2601,2615,2724,-3874,-3874,-3874,
2722,45125,-3874,-3874,5955,-3874,-3874,-3874,18705,47577,
301,796,-3874,2877,30,1060,2970,1469,2888,2889,
46351,1544,2722,-3874,-3874,-3874,-3874,-3874,-3874,-3874,
-3874,-3874,-3874,-3874,-3874,-3874,-3874,-3874,-3874,-3874,
-3874,-3874,-3874,-3874,-3874,-3874,-3874,-3874,-3874,-3874,
-3874,-3874,-3874,402,2691,2369,2369,2341,-3874,3151,
3322,841,-3874,1391,-3874,-3874,-3874,-3874,-3874,-3874,
-3874,-3874,-3874,2989,-3874,3511,3083,2906,-3874,-3874,
261,-3874,-3874,1348,23644,18089,-3874,3150,-3874,3051,
-3874,-3874,-3874,-3874,-3874,-3874,-3874,-3874,-3874,2901,
1069,2666,1434,2666,2915,-3874,11765,1278,-3874,1544,
11131,1544,1883,-3874,2908,2908,2911,-3874,2917,2908,
3308,2911,3309,2920,2938,1296,2944,2948,1437,-3874,
11131,11131,1300,429,1306,671,925,933,437,-3874,
1317,2935,-3874,-3874,1377,1379,1401,1409,939,1440,
1758,11765,1475,1104,465,-3874,1487,983,985,1503,
11131,1529,11131,1577,11131,1581,1588,1590,2918,2918,
218,-3874,2942,-3874,-3874,-3874,2950,-3874,-3874,1752,
1789,-3874,-3874,2955,-3874,-3874,2932,1544,2956,-3874,
-3874,11131,-3874,901,-3874,-3874,15569,472,2972,-3874,
1544,-3874,-3874,2979,1437,-3874,253,-3874,-3874,-3874,
-3874,163,3510,29798,-3874,1771,-3874,36543,2933,-3874,
2946,3020,3025,3034,2988,11131,-3874,-3874,3204,23644,
-3874,3371,-3874,-3874,-3874,-3874,2981,2983,-3874,-3874,
-3874,2293,3330,3208,-3874,-3874,2691,47577,36543,-3874,
2130,24876,-3874,2998,-3874,2998,1196,2990,1808,-3874,
-3874,-3874,2995,1769,1810,-3874,17471,3231,36543,3417,
3419,3420,-3874,2666,2666,908,3035,3378,-3874,-3874,
-3874,-3874,46964,-3874,-3874,-3874,-3874,1175,-3874,3003,
3006,256,3209,-3874,-3874,-3874,-3874,8595,-3874,-3874,
-3874,-3874,-3874,-3874,-3874,2229,-3874,-3874,-3874,-3874,
-3874,2229,-3874,273,402,402,1655,402,3465,3503,
482,1141,-3874,2094,-3874,-3874,-3874,3379,886,3122,
3122,3384,3271,1088,3007,-3874,841,-3874,2456,-3874,
2130,-3874,-3874,11131,-3874,-3874,-3874,-3874,-3874,-3874,
-3874,-3874,-3874,-3874,-3874,-3874,-3874,-3874,-3874,-3874,
-3874,-3874,252,-3874,-3874,-3874,-3874,-3874,3010,3386,
3391,1404,-3874,25492,-3874,-3874,25492,25492,-3874,-3874,
139,45125,-3874,-3874,-3874,-3874,-3874,-3874,3015,-3874,
-3874,2691,-3874,-3874,35930,402,-3874,25492,3015,-3874,
-3874,174,-3874,3041,402,-3874,-3874,-3874,-3874,-3874,
-3874,-3874,-3874,-3874,-3874,45125,3022,-3874,1618,-3874,
-3874,1862,-3874,45125,-3874,-3874,-3874,45125,-3874,-3874,
-3874,-3874,-3874,-3874,-3874,-3874,-3874,-3874,-3874,-3874,
-3874,-3874,-3874,3027,2603,2264,-3874,3029,3033,-3874,
-3874,-3874,-3874,47577,-3874,-3874,23644,-3874,-3874,-3874,
5639,47577,3262,-3874,11131,11131,3298,47577,3305,-3874,
3596,47577,3659,45125,-3874,3048,-3874,3050,-3874,1815,
-3874,-3874,-3874,-3874,-3874,-3874,-3874,3054,47577,2369,
2189,-3874,-3874,402,1348,-3874,-3874,-3874,-3874,3316,
3321,47577,-3874,-3874,-3874,-3874,3196,-3874,23644,-3874,
3221,-3874,3059,1000,3197,-3874,3061,3062,3063,31026,
2666,3334,-3874,-3874,3139,-3874,1544,11131,948,-3874,
-3874,239,3344,-3874,1170,-3874,-3874,-3874,-3874,-3874,
-3874,-3874,-3874,-3874,-3874,-3874,-3874,3064,3139,3139,
-3874,-3874,11131,-3874,3657,3235,11131,11131,-3874,11131,
-3874,856,3075,3101,-3874,-3874,-3874,-3874,11131,-3874,
-3874,3139,-3874,11131,-3874,-3874,11131,-3874,11131,11131,
-3874,1592,-3874,1616,-3874,1629,-3874,-3874,-3874,2691,
3084,3454,-3874,-3874,-3874,2691,3265,-3874,-3874,2691,
2722,2401,-3874,-3874,-133,47577,-3874,-3874,1856,-3874,
-3874,11131,-3874,40221,-3874,-3874,-3874,3445,3708,-3874,
3304,-3874,-3874,-3874,-3874,-3874,-3874,-3874,-3874,-3874,
-3874,-3874,-3874,-3874,-3874,-3874,-3874,-3874,47577,1192,
3096,32252,36543,36543,36543,14301,1544,3580,-3874,-3874,
-3874,3371,3467,-3874,72,-3874,47577,3093,1585,-3874,
1872,-3874,-3874,3094,-3874,1752,3098,-3874,841,14301,
2840,3221,-3874,-3874,1196,24876,31639,-3874,-3874,47577,
-3874,3539,2241,36543,36543,36543,2229,3529,2900,2900,
-3874,28568,-3874,-3874,3255,-3874,-3874,32865,-3874,-3874,
-3874,-3874,-3874,-3874,27953,43899,-3874,-3874,-3874,-3874,
-3874,-3874,-3874,402,3585,3345,1527,2871,-3874,1069,
-3874,886,-3874,3494,3496,886,-3874,-3874,-3874,24876,
2666,14301,-3874,1752,1544,3112,1618,-3874,-123,11131,
25492,-3874,-3874,-3874,3115,-3874,-3874,3626,3627,-3874,
25492,2031,47577,-3874,2966,-3874,-3874,-3874,3211,-3874,
5639,-3874,24876,-3874,-3874,-3874,-3874,-3874,47577,-3874,
23644,-3874,18705,-3874,3118,-3874,2908,2908,2908,-3874,
-3874,-3874,2911,-3874,2917,3354,-3874,2917,2917,-3874,
-3874,-3874,-3874,-3874,239,1515,-3874,-3874,239,-3874,
-3874,-3874,136,1426,2917,-3874,-3874,-3874,-3874,-3874,
-3874,-3874,2908,2911,2911,-3874,-3874,239,2908,-3874,
2908,2641,-3874,400,127,2908,2908,2908,3123,3114,
-3874,1544,3139,3676,-3874,-3874,3269,402,3622,-3874,
1874,-3874,3130,-3874,46351,-3874,2722,1892,-3874,-3874,
-3874,-3874,3273,754,-3874,3299,3134,3136,-3874,-3874,
402,3135,3140,6242,-3874,-3874,-3874,3751,-3874,47577,
47577,47577,2767,-3874,3509,-223,1544,3143,3148,3149,
3152,3754,278,-3874,3759,38995,-3874,-3874,-3874,3153,
1884,-3874,3163,3164,1644,-3874,276,3166,1669,995,
1917,3470,3548,-3874,3390,-3874,1681,1225,1698,1707,
1787,1794,-3874,-3874,-3874,-3874,-3874,3174,-3874,-3874,
436,-3874,3177,1446,1141,-3874,-3874,1929,-3874,-3874,
-3874,3637,3538,-3874,3611,-3874,-3874,-3874,615,615,
615,1595,1544,1959,-3874,-3874,-3874,-3874,3578,-3874,
-3874,3186,3276,47577,-3874,3208,-3874,2401,24876,14301,
3189,3183,-3874,26,-3874,-3874,3188,-3874,-3874,36543,
2241,2241,2241,-3874,3775,3617,-3874,-3874,39608,3193,
-3874,-3874,3499,-3874,-3874,-3874,-3874,402,3673,-3874,
-3874,-3874,2683,3214,3244,886,886,3385,3246,11131,
11131,3199,-3874,3334,-3874,-3874,167,2401,11131,-3874,
2691,3208,-3874,1864,3203,3205,47577,3206,3207,-3874,
3433,301,-3874,-3874,-3874,23644,2641,87,-3874,-3874,
3015,745,3210,-3874,47577,3535,-3874,-3874,-3874,-3874,
944,-3874,3213,944,944,-3874,1941,-3874,3248,239,
-3874,-3874,3250,-3874,-3874,-3874,944,3215,239,-3874,
-3874,-3874,-3874,944,-3874,39608,257,402,2445,-3874,
3275,-3874,3724,1021,3601,-3874,2641,-3874,3602,3498,
-3874,239,-3874,-3874,3823,-3874,239,3823,944,3500,
-3874,944,47577,-3874,-3874,-3874,-3874,-3874,-3874,47577,
-3874,938,-3874,-3874,-3874,1967,402,-3874,-3874,-3874,
3232,3230,-3874,-3874,-3874,1060,-3874,47577,5639,-3874,
-3874,-3874,3150,-3874,953,1971,1618,3234,1981,1989,
35317,-3874,-3874,-3874,-3874,-3874,-3874,-3874,-3874,-3874,
38995,-3874,3823,-3874,3512,-3874,-3874,-3874,11131,-3874,
-3874,-3874,11131,-3874,-3874,3540,3701,-3874,-3874,-3874,
-3874,-3874,-3874,3243,-3874,2722,195,195,-3874,-3874,
-3874,-3874,-3874,3506,1358,3278,3278,3278,-3874,14301,
3628,3338,-3874,-3874,3252,3287,-3874,-3874,1446,-3874,
-3874,-3874,-3874,2241,11131,-3874,3334,2312,-3874,28568,
-3874,-3874,402,-133,-3874,3295,-3874,-3874,-3874,3302,
1544,1544,47577,3509,-3874,288,1446,1618,-3874,2007,
-3874,47577,47577,2012,47577,47577,2719,2725,2728,892,
892,-3874,-3874,-3874,-3874,-3874,-3874,3652,-3874,-3874,
2038,-3874,1032,3532,-3874,-3874,-3874,-3874,944,-3874,
276,-3874,-3874,-3874,-3874,-3874,276,-3874,-3874,-3874,
-3874,-3874,-3874,-3874,-3874,-3874,-3874,3544,3300,-3874,
-3874,-3874,-3874,-3874,-3874,-3874,-3874,-3874,-3874,-3874,
-3874,3268,-3874,-3874,3389,-3874,53707,-3874,-3874,1013,
3290,-3874,-3874,-3874,-3874,1292,47577,23644,3298,3457,
-3874,2966,-3874,26,1000,3221,-3874,344,47577,-3874,
3545,92,1078,-3874,-3874,-3874,3279,3283,1618,1866,
-3874,-3874,-3874,3280,-3874,-3874,-3874,3364,3375,-3874,
-3874,3382,-3874,-3874,133,1663,-3874,-3874,-3874,-3874,
3342,23644,15569,3396,47577,169,2509,-3874,-212,1618,
11131,2229,35930,-3874,-3874,-3874,-3874,11131,3301,11131,
3303,2044,-3874,-3874,-3874,1404,1404,-3874,288,-3874,
-3874,-3874,2047,2061,344,2066,2068,-3874,-3874,-3874,
301,3306,-3874,47577,-3874,-3874,-3874,254,-3874,-3874,
2080,-3874,2085,-3874,-3874,11131,3778,3325,47577,1185,
-3874,54933,54933,47577,-3874,-3874,-3874,-3874,4838,-3874,
-3874,728,-3874,-3874,-3874,-3874,-3874,-3874,-3874,-3874,
-3874,-3874,-3874,3907,-3874,3311,-3874,-3874,1013,3312,
-3874,1383,-3874,1769,-3874,-3874,5639,3753,1469,-3874,
-3874,-3874,-3874,-3874,3314,1769,402,841,-3874,344,
-3874,-3874,-3874,1618,3320,3558,-3874,92,-3874,-3874,
-3874,1078,-3874,-3874,-3874,11131,-3874,-3874,-3874,-3874,
-3874,-3874,-3874,165,3572,2722,2722,2722,2722,1663,
-3874,24876,2628,-3874,2691,-3874,2116,-3874,-3874,-3874,
3405,841,3822,3824,841,841,841,841,3324,2509,
-3874,3806,-3874,-3874,11131,-3874,-3874,1544,3557,-3874,
3891,1141,1544,47577,1544,47577,-3874,3777,3777,-3874,
3541,344,-3874,92,1078,-3874,3208,-3874,965,965,
239,276,239,1544,11131,-3874,11131,3359,-3874,-3874,
3779,47577,-3874,-3874,-3874,-3874,11131,-3874,53707,53707,
-3874,-3874,-3874,-3874,3936,-3874,3339,26,3908,3603,
3918,-3874,3294,-3874,-3874,3596,5639,-3874,-3874,-3874,
2722,253,-3874,-3874,-3874,1232,253,-3874,253,-3874,
1618,-3874,-3874,-3874,-3874,-3874,-3874,-3874,3348,-3874,
841,-3874,3353,-3874,-3874,47577,3361,-3874,402,841,
841,1228,1228,2691,39608,3461,-3874,-3874,841,1618,
3979,-3874,86,3729,-3874,2119,2121,1266,-3874,-3874,
-3874,-3874,-3874,-3874,2133,-3874,3991,-3874,950,3633,
3634,-3874,-3874,-3874,1544,1544,-3874,67,-3874,-3874,
3766,3853,11131,1544,50642,3368,-3874,-3874,-3874,-3874,
-3874,-3874,-3874,-3874,-3874,-3874,-3874,-3874,-3874,54320,
11131,-3874,728,3907,-3874,-3874,3635,-3874,3636,-3874,
-3874,-3874,3878,53707,-3874,3873,-3874,26,-3874,-3874,
-3874,-3874,-3874,-3874,24876,14301,2312,-3874,3396,-3874,
3383,-3874,-3874,-47,-3874,402,402,-3874,-3874,-3874,
-3874,-3874,2139,-3874,39608,-3874,-3874,3968,3969,3869,
3973,86,-3874,-84,-3874,-3874,-3874,3974,-3874,3975,
3392,3393,-3874,-3874,-3874,-3874,3442,3901,3422,11131,
53707,-3874,3881,-3874,3811,1544,3757,3397,-3874,3398,
1544,3913,54933,54933,-3874,-3874,-3874,-3874,3899,-3874,
-3874,-3874,-3874,-3874,-3874,-3874,-3874,2144,-3874,14935,
-3874,-3874,-3874,-3874,-3874,39608,-3874,3461,-3874,3416,
276,276,4001,276,-3874,4002,4004,-84,-3874,-3874,
-3874,46351,46351,965,965,-3874,176,-3874,1544,51255,
4000,47577,-3874,3505,-3874,-3874,11131,3916,40834,51868,
3423,-3874,-3874,-3874,3599,-3874,3294,3598,-3874,3383,
-3874,3428,-3874,2293,2509,-3874,-3874,3703,-3874,-3874,
276,-3874,276,276,-3874,3431,2160,-3874,-3874,11131,
-3874,3914,3518,-3874,3436,-3874,53707,1544,53707,-3874,
-3874,3864,3438,1851,-3874,3435,-3874,-3874,53707,3860,
3891,-3874,14935,3449,-3874,-3874,3450,3451,-3874,-3874,
-3874,-3874,-3874,1544,4032,53707,47577,48803,3937,52481,
3902,47577,5639,3904,3905,-3874,53707,-3874,4039,3729,
-3874,-3874,-3874,3703,3547,-3874,49416,-3874,2378,3649,
3485,-3874,-3874,3976,2328,-3874,-3874,276,3872,-3874,
53707,53707,-3874,-3874,-3874,-3874,33478,-3874,-3874,-3874,
-3874,-3874,622,-3874,3739,3468,50029,53094,-3874,-3874,
-3874,30413,-3874,-3874,-3874,3912,-3874,11131,-3874,45,
19937,3631,33478,-3874,-3874,1544,-3874,-3874,-3874,-3874,
39608,2173,-3874,-3874,24876,-3874,-3874,-3874,-3874,23026,
3471,-3874,841,-3874,24876,-3874,-3874,14301,-3874,-3874