-3874,-3874,-3874,-3874,-3874,124,-3874,-3874,-3874,-3874,
-3874,-3874,-3874,-3874,1813,-3874,-3874,-3874,-3874,-3874,
2016,-3874,692,-1823,-3874,-3874,-3874,-3874,-3874,-3874,
-3874,-3874,-3874,-3874,-3874,693,1615,3464,-3874,428,
-3874,107,-3874,-3874,-3874,-2942,-21,-203,-3874,-3874,
501,21,3154,-202,-3095,-3874,-3874,-3874,-3874,-3874,
-3874,-3874,-3874,-3874,439,433,-3874,-3874,259,-3874,
-3874,-1305,-3874,-3874,-3874,-3874,-3874,-3874,-3874,-377,
-338,1846,-3874,-3874,-3874,4081,-3874,3552,-3874,-1743,
2307,-3874,-3874,-3874,-3874,-3874,2370,-1671,-3874,-3874,
-3874,1350,-3874,-3874,-3874,-3874,-447,279,-3874,280,
-3874,281,-3874,282,-3874,283,289,298,299,-3874,
306,-3874,-3874,-329,-3874,-3874,-3874,-3874,307,-3874,
-3874,-3874,-3874,-3874,-3874,-3874,-222,-3874,-3874,-50,
-3874,-3874,-191,311,-3874,-144,315,-3874,323,-3874,
-63,-3874,-60,-3874,-3874,-3874,-3874,-3874,-3874,-3874,
-3874,-3874,-3874,-3874,-3874,-3874,3176,-3874,-3874,-3874,
-2257,-3874,-3874,-2250,2714,-3874,-1763,-3874,-3874,-1924,
-3874,-3874,-1771,1274,-3874,-3874,-93,-328,-3874,-1290,
-1890,-1889,-3874,-3874,-3874,-2028,-2012,-1364,-1285,-2309,
-3874,-3874,-3874,309,-3874,-3874,-2587,2141,2717,-3874,
-1977,-3874,-3874,1195,-3874,-3874,1375,672,1378,-3874,
971,2912,-1209,-3874,-3874,-3874,-3874,-3874,-3874,34,
292,-58,-3874,-3359,676,-3874,-3874,-3874,-3874,-3874,
-3874,-3874,-3874,-3873,-3874,-3874,-3874,-220,-3874,-3874,
-132,-3874,-3874,-178,-3874,141,-2303,-3874,-3874,-3874,
-3874,2678,-1299,-3874,3693,-3874,-563,778,2172,-2462,
-1401,-3874,-886,-872,-2494,-3874,-3874,-3874,-2612,1149,
1560,-3874,874,2174,-1904,-3874,1640,-3874,-3874,897,
-3874,-2123,-3874,-3874,-3874,855,-3874,857,-3874,-3874,
-3874,-1044,825,-2578,1397,-416,-3874,412,-2423,-2521,
-3874,635,-3874,586,-3763,-3338,-3874,-568,-2099,-2411,
-23,-3874,-3874,600,-3159,1772,-3874,-3874,-3874,-3114,
-1710,1501,-3874,-3874,1075,-3874,-2054,1067,-3874,-3874,
-3874,1082,-3874,154,-3874,-3874,-3874,-3874,-3830,-3874,
-3874,-1464,-2264,-3874,-3874,4234,4235,-1007,-2670,-2496,
159,153,-3874,-3874,-3874,2705,-900,234,223,228,
2131,-656,378,-2416,-3874,434,-3874,-3874,-3874,-3874,
-3874,-3874,-3874,-3874,-3874,-3874,-3874,-3874,-3874,-3874,
-3874,-3874,-3874,2215,-426,-3874,-3874,-3874,-3874,-3874,
-3874,-3874,-2439,-2441,-3874,-3874,1687,-3874,-3874,-3874,
-2310,-1421,-1418,-1908,-474,-2188,-3352,-3874,-3874,-3874,
-3874,-3874,-3874,2839,-3874,-3874,-3874,-3874,-3874,3685,
-3874,2846,-3874,-3874,-3874,-3874,-3874,-3874,-3874,666,
1904,-3874,-3874,-3874,-3874,-3874,-3874,951,2745,-3874,
-3874,-3874,2,-3874,-3874,-3874,-3874,2460,-3874,-3874,
-3874,-3874,2798,-3874,-3874,-3874,-3874,-3874,-3874,1474,
-3874,1943,-3874,-1428,-3874,-3874,1055,-945,1896,3688,
2033,-3874,-3874,-590,-3874,-3874,-3874,-1657,-2446,-3874,
3424,-1011,-2588,2462,-645,-1826,1105,324,3593,-3874,
-1101,-1049,-3874,-3874,-637,-3874,-3874,-3874,-616,-3874,
-3874,-3874,-3874,-3874,-3874,-3874,-3874,-3874,-3874,-3874,
1518,-3874,-3874,-3874,-3874,-1170,-3874,-3874,-3874,-3874,
-3874,-3874,-3874,1267,-3874,2137,-3874,-499,-3874,3216,
-3874,-3874,-3874,-2358,-1954,1836,1008,-3874,-3874,-3874,
-3874,-3874,-3874,-3874,-3874,-3874,-1532,-3874,-2378,-3874,
-3874,-3874,-3874,-3874,2054,-3874,-3874,-3874,-3874,-3874,
-3874,-3874,-1723,-3874,-2268,213,-3874,364,-3874,-3874,
-3874,-3874,-3874,-3874,-3874,-46,890,-41,-2710,-1060,
1713,-3874,-3874,-1241,3251,-2325,-3874,-3874,-3874,2034,
-3874,-3874,-3874,-3874,-3874,981,-2982,2879,-3874,-3874,
-3192,-869,-2262,-848,-3874,-2353,532,-1817,-1759,-409,
-1349,-2424,-3874,-3874,-3874,-3874,-135,-3874,-3874,-3874,
550,1932,-3874,-3874,-3874,-3874,-3874,-3874,-3874,-3874,
-3874,-3874,-3874,-483,-760,-3874,-3874,2190,2426,-3874,
3125,-3874,-1024,3372,-3874,-3874,3373,-3874,-3874,-3874,
-3874,3047,3028,2004,-3874,-3874,-2388,-3874,-3874,1958,
-3874,804,-858,-1797,1084,-3874,-3874,1095,-3241,-3874,
-3874,3399,-3874,-3874,-3874,1036,-3874,82,3755,3400,
-3874,-3874,-3874,-3874,-3874,-3874,2784,-1015,3682,-3874,
-3874,-3874,-3874,-3874,-3874,2440,-3874,-3874,-3874,-3874,
-3874,-3874,2999,3772,-570,-1244,-3874,-717,2951,2443,
-808,-3874,-3874,-3874,-3874,-3874,-3874,-3874,-3874,-3874,
-3874,-3874,-3874,-3874,-3874,-3874,2599,1010,-3874,-3874,
-3874,3045,-3874,-3874,-3874,-3874,-3874,-3874,-3874,-3874,
-3874,-3874,-3874,-3874,-3874,-3874,-3874,-3874,-3874,1135,
-59,-3874,77,-89,-3874,16,-3874,-3874,-3874,-3874,
-3874,-154,-3874,-3874,-160,-3874,-940,-1354,730,-1212,
-2038,-3874,1128,3040,-2460,-668,-1108,-1128,-1896,27,
-3874,-3874,3429,2067,101,-392,-410,-6,-2215,-110,
-575,-3874,-2541,-3874,-3874,-3874,-3874,-3874,-3874,-3874,
-3874,1963,-3874,-3874,-3874,1103,-3874,3804,-3874,2694,
1106,3805,-3874,-1317,2522,1977,1982,-3874,-3874,1986,
-2208,-3874,-3874,285,-3874,2592,-3874,-3874,-3874,-3874,
-3874,-3874,-3874,-3874,-3874,-3874,-3874,-3874,-3874,-3874,
-3874,-3874,2562,3536,3067,-3874,2607,-3874,-3874,-3874,
-3874,-3874,350,-3874,-217,-3874,-2669,2860,459,-3874,
1188,-659,-891,-3874,-3874,348,-3874,-3874,1584,3829,
3549,-3874,-3874,-3874,-3874,-3874,-2764,-843,-3874,-3425,
-2824,-1649,-3874,-3874,-2172,-3031,-3874,-3874,-1012,-3874,
-3874,-3874,-3874,-2005,-3874,-3874,-3874,90,3889,3892,
-3874,-3874,670,-3874,-119,-3874,-3874,-3874,-3874,-3874,
-3874,-3874,405,734,-3874,-3874,3758,-3874,-3874,-3874,
-3874,3760,-3874,-3874,-3874,-3874,-3874,3761,-3874,-3874,
-3874,-3874,-3874,1867,-3874,-3874,-3874,-3874,-3874,-3874,
-3874,-3874