0,0,3,5,6,11,14,15,17,19,
21,23,25,27,29,31,33,35,37,39,
41,43,45,47,49,51,53,55,57,59,
61,63,65,67,69,71,73,75,77,79,
81,83,85,87,89,91,93,95,97,99,
101,103,105,107,109,111,113,115,117,119,
121,123,125,129,131,133,138,140,143,144,
149,150,153,157,159,162,163,167,168,174,
176,180,184,188,192,196,200,204,208,212,
216,220,224,228,232,236,240,244,248,252,
258,262,264,265,267,271,273,277,281,285,
289,290,298,299,300,315,316,317,332,333,
334,349,350,357,358,362,367,372,376,379,
390,392,396,399,402,405,408,411,414,417,
418,432,433,440,443,444,446,450,452,453,
456,457,460,461,463,467,472,473,476,477,
480,482,484,486,488,490,492,494,496,498,
500,502,504,506,507,511,513,514,517,518,
521,524,527,530,533,537,541,543,545,547,
550,554,558,559,564,565,569,570,572,576,
578,579,581,585,587,588,592,593,595,599,
601,606,607,609,611,613,614,618,621,625,
626,630,631,637,643,644,652,653,660,662,
664,666,670,672,674,676,680,681,683,685,
687,689,692,694,698,700,702,703,705,706,
709,713,719,721,723,725,727,729,731,733,
735,737,739,741,743,745,747,749,753,758,
759,761,763,767,769,773,777,779,782,784,
786,788,790,794,798,800,802,804,806,808,
810,812,814,816,818,820,822,824,826,830,
831,832,836,838,840,842,844,846,848,850,
852,854,856,858,860,862,863,869,870,873,
874,878,879,882,885,888,891,892,899,902,
903,906,908,910,914,915,916,917,925,926,
929,932,934,936,937,938,947,948,955,957,
960,962,965,966,967,974,975,976,983,984,
987,988,994,995,997,998,1004,1005,1008,1009,
1015,1020,1021,1022,1031,1032,1033,1042,1044,1046,
1048,1050,1052,1055,1060,1066,1067,1072,1077,1082,
1086,1090,1093,1096,1097,1100,1102,1105,1109,1111,
1113,1115,1116,1118,1120,1123,1127,1129,1131,1133,
1135,1137,1139,1141,1143,1144,1146,1148,1151,1155,
1157,1159,1161,1163,1165,1166,1168,1170,1173,1177,
1179,1181,1183,1185,1187,1189,1191,1192,1194,1196,
1199,1203,1205,1207,1209,1212,1215,1218,1220,1222,
1224,1226,1229,1233,1237,1241,1245,1249,1253,1257,
1261,1266,1268,1270,1272,1274,1277,1281,1284,1289,
1295,1296,1302,1303,1304,1310,1311,1319,1321,1322,
1324,1325,1330,1331,1332,1336,1342,1349,1350,1355,
1358,1361,1364,1367,1368,1370,1371,1375,1376,1378,
1380,1384,1386,1391,1397,1403,1404,1407,1408,1409,
1417,1418,1429,1431,1435,1437,1439,1440,1443,1444,
1448,1450,1454,1455,1462,1464,1465,1466,1472,1473,
1478,1480,1482,1484,1488,1490,1494,1495,1496,1502,
1504,1508,1510,1512,1513,1517,1519,1523,1524,1529,
1531,1532,1534,1537,1539,1543,1548,1552,1556,1560,
1565,1570,1574,1575,1576,1583,1584,1586,1587,1589,
1591,1594,1596,1598,1599,1601,1603,1606,1608,1609,
1613,1614,1616,1618,1621,1623,1626,1630,1634,1638,
1642,1646,1650,1654,1658,1662,1666,1670,1674,1678,
1682,1686,1690,1694,1698,1702,1706,1707,1714,1716,
1718,1722,1727,1732,1735,1738,1741,1745,1749,1754,
1759,1761,1763,1765,1767,1769,1771,1773,1775,1777,
1779,1781,1783,1786,1788,1790,1792,1794,1796,1798,
1802,1804,1806,1809,1812,1820,1829,1838,1847,1856,
1859,1860,1862,1867,1868,1870,1873,1874,1879,1883,
1887,1891,1893,1896,1898,1900,1904,1907,1911,1914,
1917,1919,1923,1927,1930,1934,1936,1939,1942,1945,
1947,1950,1952,1954,1956,1959,1963,1966,1970,1973,
1976,1980,1984,1988,1989,1996,1997,2004,2007,2009,
2011,2013,2015,2017,2019,2021,2023,2025,2027,2029,
2032,2035,2037,2040,2042,2045,2049,2052,2054,2056,
2058,2060,2062,2064,2066,2069,2070,2072,2074,2080,
2081,2085,2086,2089,2093,2094,2096,2099,2101,2103,
2105,2107,2111,2115,2119,2123,2124,2126,2127,2129,
2130,2132,2135,2137,2139,2142,2145,2149,2151,2155,
2158,2160,2163,2166,2169,2172,2175,2178,2181,2184,
2187,2190,2193,2195,2197,2200,2202,2204,2206,2208,
2210,2211,2214,2216,2218,2220,2222,2224,2225,2228,
2230,2232,2233,2235,2237,2240,2243,2245,2248,2251,
2252,2254,2256,2258,2262,2264,2268,2269,2271,2272,
2277,2279,2281,2283,2284,2286,2289,2291,2293,2296,
2298,2302,2306,2308,2310,2311,2314,2315,2317,2323,
2324,2328,2332,2334,2335,2338,2341,2344,2345,2349,
2353,2360,2367,2369,2371,2374,2377,2380,2382,2385,
2388,2390,2392,2393,2395,2397,2399,2401,2402,2404,
2406,2408,2409,2411,2414,2415,2417,2418,2420,2421,
2423,2425,2428,2430,2433,2435,2438,2441,2444,2448,
2451,2453,2455,2457,2459,2463,2465,2467,2469,2474,
2477,2479,2484,2485,2487,2488,2491,2493,2497,2498,
2505,2506,2512,2520,2521,2527,2528,2534,2535,2541,
2542,2547,2548,2559,2563,2568,2572,2576,2584,2589,
2593,2599,2600,2604,2606,2611,2612,2616,2617,2620,
2621,2623,2624,2627,2630,2633,2636,2638,2640,2642,
2646,2651,2652,2659,2664,2665,2671,2672,2679,2684,
2688,2690,2698,2702,2704,2706,2707,2713,2714,2718,
2721,2722,2728,2729,2730,2737,2739,2743,2745,2747,
2751,2754,2758,2761,2766,2767,2774,2775,2776,2785,
2790,2795,2799,2803,2806,2809,2816,2822,2826,2832,
2834,2836,2838,2840,2842,2843,2845,2847,2850,2853,
2857,2861,2865,2869,2870,2872,2873,2875,2876,2878,
2880,2881,2884,2886,2887,2889,2891,2893,2894,2901,
2905,2909,2910,2912,2914,2918,2922,2925,2928,2933,
2934,2938,2939,2943,2944,2948,2949,2953,2954,2956,
2958,2962,2964,2966,2967,2970,2972,2976,2980,2984,
2986,2987,2993,2994,2996,2998,2999,3006,3007,3009,
3011,3014,3016,3018,3020,3021,3027,3030,3031,3037,
3038,3040,3042,3045,3047,3049,3051,3053,3055,3058,
3059,3065,3066,3068,3070,3071,3076,3081,3085,3091,
3093,3097,3101,3102,3109,3111,3113,3115,3119,3122,
3126,3128,3130,3131,3138,3140,3142,3144,3148,3152,
3157,3158,3165,3166,3169,3170,3175,3176,3179,3181,
3184,3189,3192,3196,3199,3203,3204,3208,3209,3210,
3217,3220,3222,3224,3227,3230,3239,3244,3245,3247,
3250,3252,3254,3256,3258,3259,3262,3267,3271,3273,
3275,3279,3284,3285,3286,3287,3290,3293,3295,3297,
3298,3301,3305,3309,3313,3316,3320,3325,3329,3334,
3338,3343,3345,3349,3354,3358,3362,3369,3371,3377,
3384,3390,3398,3405,3414,3420,3427,3432,3437,3443,
3447,3452,3454,3458,3462,3466,3470,3474,3478,3484,
3490,3494,3498,3502,3506,3510,3514,3516,3518,3520,
3522,3524,3526,3528,3530,3532,3534,3536,3538,3540,
3542,3544,3546,3548,3550,3552,3554,3556,3558,3562,
3564,3566,3568,3570,3574,3577,3580,3583,3586,3590,
3594,3600,3607,3612,3617,3625,3628,3635,3641,3648,
3655,3660,3665,3671,3676,3683,3686,3691,3696,3701,
3712,3719,3728,3735,3740,3745,3752,3757,3762,3767,
3774,3779,3787,3795,3803,3810,3817,3824,3831,3835,
3840,3847,3856,3859,3862,3871,3880,3887,3894,3896,
3903,3910,3919,3928,3935,3944,3951,3954,3963,3972,
3975,3978,3981,3986,3991,3996,4001,4005,4014,4021,
4030,4035,4042,4047,4052,4057,4064,4073,4078,4082,
4089,4094,4101,4107,4116,4124,4135,4137,4144,4149,
4154,4159,4164,4169,4176,4181,4182,4188,4195,4198,
4202,4203,4208,4209,4213,4214,4216,4218,4222,4227,
4232,4238,4243,4248,4253,4259,4264,4265,4266,4274,
4279,4285,4290,4296,4301,4306,4311,4316,4321,4327,
4328,4337,4338,4342,4346,4348,4353,4354,4356,4357,
4360,4361,4362,4367,4372,4375,4376,4380,4383,4387,
4390,4392,4395,4397,4400,4402,4405,4408,4411,4412,
4414,4416,4420,4422,4426,4428,4432,4433,4435,4436,
4439,4444,4450,4452,4454,4456,4458,4463,4465,4469,
4473,4477,4478,4485,4486,4493,4494,4503,4508,4509,
4518,4519,4530,4537,4538,4547,4548,4559,4566,4568,
4571,4574,4575,4577,4583,4584,4590,4594,4600,4603,
4604,4605,4613,4615,4616,4617,4624,4625,4629,4630,
4631,4637,4638,4640,4641,4643,4644,4647,4651,4655,
4657,4659,4660,4668,4669,4677,4679,4682,4683,4684,
4687,4688,4691,4692,4694,4696,4698,4700,4704,4706,
4710,4712,4714,4716,4718,4720,4722,4724,4726,4728,
4730,4732,4734,4736,4738,4740,4742,4744,4746,4748,
4750,4752,4754,4756,4758,4760,4761,4763,4765,4766,
4769,4770,4772,4773,4774,4778,4779,4780,4784,4787,
4788,4789,4794,4799,4802,4803,4805,4807,4811,4815,
4817,4820,4821,4823,4824,4829,4834,4837,4838,4840,
4842,4843,4845,4846,4848,4851,4853,4857,4861,4863,
4865,4867,4869,4871,4872,4875,4877,4879,4881,4883,
4885,4887,4889,4891,4893,4895,4897,4899,4901,4903,
4905,4907,4909,4911,4913,4915,4917,4919,4921,4922,
4923,4930,4931,4933,4937,4939,4940,4943,4947,4949,
4952,4954,4955,4959,4960,4961,4969,4972,4974,4975,
4979,4980,4988,4989,4990,4999,5004,5011,5016,5021,
5026,5027,5034,5039,5044,5049,5055,5060,5062,5066,
5068,5071,5073,5077,5079,5080,5083,5084,5086,5087,
5089,5091,5094,5098,5100,5102,5103,5104,5113,5114,
5115,5122,5123,5125,5127,5129,5131,5133,5136,5138,
5140,5142,5146,5151,5152,5156,5160,5162,5165,5168,
5169,5173,5174,5180,5184,5186,5190,5192,5196,5198,
5200,5201,5203,5204,5209,5210,5212,5216,5218,5220,
5222,5223,5224,5231,5232,5233,5245,5249,5251,5255,
5259,5261,5265,5266,5268,5269,5274,5275,5283,5284,
5290,5291,5298,5300,5304,5307,5312,5313,5316,5317,
5320,5322,5324,5326,5327,5332,5333,5335,5336,5338,
5340,5344,5346,5348,5351,5354,5357,5359,5361,5363,
5365,5366,5370,5371,5375,5378,5383,5388,5392,5397,
5402,5404,5408,5412,5419,5422,5425,5426,5433,5434,
5441,5447,5450,5452,5458,5464,5467,5470,5472,5477,
5481,5484,5488,5491,5494,5496,5500,5505,5509,5513,
5516,5519,5523,5527,5531,5535,5539,5543,5547,5551,
5553,5555,5557,5559,5561,5562,5564,5565,5568,5569,
5571,5573,5575,5576,5579,5580,5583,5584,5587,5590,
5591,5596,5597,5602,5604,5606,5608,5610,5612,5614,
5616,5617,5619,5621,5625,5626,5628,5630,5631,5636,
5637,5638,5644,5646,5647,5651,5652,5656,5660,5662,
5665,5668,5671,5674,5677,5680,5683,5685,5687,5689,
5691,5693,5695,5696,5698,5699,5703,5707,5709,5710,
5714,5716,5719,5720,5722,5723,5727,5731,5734,5737,
5741,5742,5744,5746,5749,5750,5751,5752,5753,5776,
5778,5780,5781,5783,5784,5786,5788,5789,5791,5793,
5794,5797,5800,5802,5806,5811,5815,5819,5820,5823,
5826,5828,5832,5836,5837,5842,5843,5847,5849,5851,
5852,5856,5859,5863,5865,5867,5870,5871,5874,5878,
5880,5886,5888,5890,5893,5896,5898,5900,5902,5904,
5906,5909,5912,5914,5916,5918,5920,5922,5924,5926,
5928,5931,5934,5936,5938,5940,5942,5944,5947,5950,
5953,5955,5957,5961,5967,5969,5971,5973,5975,5977,
5981,5986,5992,5994,6000,6004,6007,6009,6013,6016,
6019,6024,6026,6028,6030,6032,6034,6036,6038,6040,
6042,6044,6046,6048,6050,6052,6054,6058,6061,6063,
6065,6067,6069,6071,6073,6075,6077,6079,6081,6083,
6085,6087,6089,6091,6093,6095,6097,6099,6101,6103,
6105,6107,6109,6111,6113,6115,6117,6119,6121,6123,
6125,6127,6129,6131,6133,6135,6137,6139,6141,6143,
6145,6147,6149,6151,6153,6155,6157,6159,6161,6163,
6165,6167,6169,6171,6173,6175,6177,6179,6181,6183,
6185,6187,6189,6191,6193,6195,6197,6199,6201,6203,
6205,6207,6209,6211,6213,6215,6217,6219,6221,6223,
6225,6227,6229,6231,6233,6235,6237,6239,6241,6243,
6245,6247,6249,6251,6253,6255,6257,6259,6261,6263,
6265,6267,6269,6271,6273,6275,6277,6279,6281,6283,
6285,6287,6289,6291,6293,6295,6297,6299,6301,6303,
6305,6307,6309,6311,6313,6315,6317,6319,6321,6323,
6325,6327,6329,6331,6333,6335,6337,6339,6341,6343,
6345,6347,6349,6351,6353,6355,6357,6359,6361,6363,
6365,6367,6369,6371,6373,6375,6377,6379,6381,6383,
6385,6387,6389,6391,6393,6395,6397,6399,6401,6403,
6405,6407,6409,6411,6413,6415,6417,6419,6421,6423,
6425,6427,6429,6431,6433,6435,6437,6439,6441,6443,
6445,6447,6449,6451,6453,6455,6457,6459,6461,6463,
6465,6467,6469,6471,6473,6475,6477,6479,6481,6483,
6485,6487,6489,6491,6493,6495,6497,6499,6501,6503,
6505,6507,6509,6511,6513,6515,6517,6519,6521,6523,
6525,6527,6529,6531,6533,6535,6537,6539,6541,6543,
6545,6547,6549,6551,6553,6555,6557,6559,6561,6563,
6565,6567,6569,6571,6573,6575,6577,6579,6581,6583,
6585,6587,6589,6591,6593,6595,6597,6599,6601,6603,
6605,6607,6609,6611,6613,6615,6617,6619,6621,6623,
6625,6627,6629,6631,6633,6635,6637,6639,6641,6643,
6645,6647,6649,6651,6653,6655,6657,6659,6661,6663,
6665,6667,6669,6671,6673,6675,6677,6679,6681,6683,
6685,6687,6689,6691,6693,6695,6697,6699,6701,6703,
6705,6707,6709,6711,6713,6715,6717,6719,6721,6723,
6725,6727,6729,6731,6733,6735,6737,6739,6741,6743,
6745,6747,6749,6751,6753,6755,6757,6759,6761,6763,
6764,6768,6769,6773,6774,6778,6779,6783,6784,6788,
6791,6792,6795,6796,6799,6800,6805,6806,6810,6812,
6814,6816,6818,6819,6821,6823,6825,6826,6829,6832,
6835,6839,6840,6845,6850,6857,6860,6864,6868,6872,
6878,6880,6884,6888,6890,6892,6896,6900,6902,6906,
6909,6912,6915,6918,6921,6923,6925,6930,6935,6937,
6939,6941,6943,6945,6946,6951,6953,6955,6957,6961,
6965,6967,6969,6972,6975,6976,6980,6985,6989,6990,
6998,7000,7003,7005,7007,7009,7011,7013,7015,7016,
7022,7024,7026,7028,7030,7032,7033,7038,7045,7052,
7059,7067,7073,7074,7079,7088,7097,7106,7113,7114,
7116,7118,7121,7122,7124,7126,7130,7131,7135,7136,
7140,7141,7145,7146,7150,7152,7154,7156,7158,7160,
7162,7164,7166,7168,7170,7172,7175,7178,7180,7184,
7187,7190,7193,7196,7199,7202,7205,7208,7210,7212,
7215,7216,7218,7222,7224,7227,7230,7233,7235,7239,
7243,7245,7247,7251,7253,7257,7262,7268,7273,7280,
7282,7283,7287,7291,7293,7295,7296,7299,7302,7305,
7308,7309,7312,7313,7317,7320,7322,7325,7328,7331,
7334,7337,7338,7342,7343,7345,7346,7350,7353,7354,
7356,7359,7360,7362,7367,7372,7378,7381,7385,7386,
7388,7389,7394,7395,7397,7399,7400,7402,7403,7406,
7409,7411,7412,7414,7416,7419,7423,7426,7427,7434,
7438,7439,7440,7441,7443,7446,7448,7450,7452,7454,
7456,7458,7460,7462,7464,7467,7470,7474,7476,7478,
7480,7482,7484,7486,7488,7490,7492,7494,7496,7498,
7500,7501,7505,7507,7510,7512,7515,7519,7523,7527,
7528,7532,7536,7537,7545,7546,7550,7552,7556,7557,
7561,7562,7566,7571,7573,7577,7578,7582,7583,7587,
7592,7597,7598,7599,7600,7617,7626,7634,7635,7636,
7637,7638,7639,7655,7656,7657,7658,7659,7672,7677,
7682,7686,7691,7695,7698,7700,7704,7710,7712,7714,
7715,7717,7719,7720,7723,7724,7725,7729,7730,7733,
7739