641,0,-1,151,-1,-1,644,642,636,643,
-1,644,151,-1,-1,151,-1,645,-1,1516,
-1,1016,-1,1082,-1,1084,-1,697,-1,657,
-1,1085,-1,1074,-1,1522,-1,664,-1,646,
-1,1329,-1,1361,-1,1276,-1,1278,-1,650,
-1,1368,-1,732,-1,1489,-1,1479,-1,655,
-1,1293,-1,1590,-1,1388,-1,1391,-1,1471,
-1,1090,-1,1098,-1,851,-1,1105,-1,648,
-1,1384,-1,1525,-1,1093,-1,1077,-1,1296,
-1,1378,-1,731,-1,1486,-1,1523,-1,1524,
-1,1117,-1,1443,-1,724,-1,1347,-1,1058,
-1,1060,-1,1340,-1,1591,-1,1477,-1,1321,
-1,1390,-1,1582,-1,647,398,1437,-1,116,
-1,139,-1,398,1437,189,649,-1,1434,-1,
637,1439,-1,-1,165,1437,651,652,-1,-1,
588,653,-1,653,632,654,-1,654,-1,637,
1439,-1,-1,208,656,1439,-1,-1,56,302,
556,658,659,-1,660,-1,659,632,660,-1,
286,155,1433,-1,283,155,1433,-1,303,155,
1433,-1,289,155,1433,-1,290,155,1257,-1,
284,155,1257,-1,291,155,1257,-1,285,155,
1257,-1,300,155,1257,-1,294,155,1433,-1,
293,155,1433,-1,295,155,1433,-1,296,155,
1433,-1,299,155,1433,-1,301,155,1257,-1,
297,155,1433,-1,298,155,1433,-1,304,155,
1420,-1,222,155,630,661,631,-1,282,155,
1257,-1,663,-1,-1,662,-1,661,632,662,
-1,1257,-1,287,155,1433,-1,288,155,1259,
-1,428,155,1433,-1,429,155,1257,-1,-1,
94,903,539,906,1429,665,840,-1,-1,-1,
94,994,225,1437,998,364,1429,666,630,1011,
631,999,667,1050,-1,-1,-1,94,995,225,
1437,997,364,1429,668,630,1011,631,1000,669,
1050,-1,-1,-1,94,996,225,1437,997,364,
1429,670,630,1011,631,1001,671,1050,-1,-1,
94,103,906,1437,672,900,-1,-1,94,673,
1544,-1,94,585,690,1506,-1,94,273,202,
804,-1,94,537,801,-1,94,674,-1,474,
1439,185,106,612,1439,369,630,675,631,-1,
676,-1,675,632,676,-1,585,1434,-1,211,
1434,-1,103,1434,-1,379,1434,-1,388,1434,
-1,490,1434,-1,395,1257,-1,-1,1134,162,
906,691,678,364,463,679,684,681,686,138,
687,-1,-1,163,1138,1229,680,682,683,-1,
23,1138,-1,-1,147,-1,132,364,486,-1,
132,-1,-1,512,1138,-1,-1,150,1138,-1,
-1,685,-1,364,78,399,-1,364,78,352,
399,-1,-1,74,1434,-1,-1,688,689,-1,
749,-1,751,-1,747,-1,768,-1,786,-1,
788,-1,783,-1,753,-1,755,-1,756,-1,
757,-1,758,-1,760,-1,-1,1437,638,1437,
-1,1437,-1,-1,692,694,-1,-1,693,695,
-1,74,1434,-1,252,508,-1,354,508,-1,
88,508,-1,414,508,106,-1,329,508,106,
-1,696,-1,694,-1,129,-1,1144,129,-1,
508,467,122,-1,508,467,237,-1,-1,49,
691,698,699,-1,-1,630,700,631,-1,-1,
701,-1,701,632,1138,-1,1138,-1,-1,703,
-1,703,632,705,-1,705,-1,-1,1437,704,
954,-1,-1,707,-1,707,632,708,-1,708,
-1,709,704,1437,954,-1,-1,238,-1,378,
-1,229,-1,-1,710,746,636,-1,746,636,
-1,711,746,636,-1,-1,712,713,636,-1,
-1,119,743,714,954,744,-1,119,1437,81,
186,720,-1,-1,119,717,205,186,715,718,
746,-1,-1,119,1437,100,186,716,1117,-1,
167,-1,90,-1,719,-1,718,632,719,-1,
723,-1,1257,-1,721,-1,497,722,1435,-1,
-1,593,-1,720,-1,1437,-1,498,-1,1144,
188,-1,496,-1,483,725,727,-1,1437,-1,
721,-1,-1,725,-1,-1,476,728,-1,730,
155,729,-1,728,632,730,155,729,-1,1419,
-1,1165,-1,1425,-1,63,-1,524,-1,85,
-1,87,-1,86,-1,54,-1,464,-1,541,
-1,73,-1,101,-1,320,-1,337,-1,443,
726,727,-1,198,733,130,734,-1,-1,98,
-1,735,-1,81,739,740,-1,736,-1,735,
632,736,-1,737,155,738,-1,1437,-1,637,
1439,-1,359,-1,460,-1,729,-1,741,-1,
740,632,741,-1,737,155,742,-1,63,-1,
524,-1,85,-1,87,-1,86,-1,54,-1,
464,-1,541,-1,73,-1,101,-1,320,-1,
337,-1,448,-1,1437,-1,743,632,1437,-1,
-1,-1,120,745,1138,-1,749,-1,751,-1,
747,-1,768,-1,786,-1,788,-1,783,-1,
753,-1,755,-1,756,-1,757,-1,758,-1,
760,-1,-1,220,748,763,149,220,-1,-1,
750,645,-1,-1,450,752,1138,-1,-1,754,
792,-1,257,1438,-1,246,1438,-1,367,1437,
-1,-1,177,761,1437,235,759,762,-1,65,
1437,-1,-1,348,189,-1,189,-1,1437,-1,
762,632,1437,-1,-1,-1,-1,764,1138,765,
548,711,766,767,-1,-1,146,763,-1,145,
711,-1,769,-1,772,-1,-1,-1,52,770,
1138,771,774,782,149,52,-1,-1,52,773,
775,782,149,52,-1,776,-1,774,776,-1,
779,-1,775,779,-1,-1,-1,605,777,1138,
778,548,711,-1,-1,-1,605,780,1138,781,
548,711,-1,-1,145,711,-1,-1,1438,639,
784,792,785,-1,-1,1438,-1,-1,1438,639,
787,790,785,-1,-1,789,790,-1,-1,30,
791,712,710,149,-1,279,711,149,279,-1,
-1,-1,607,793,1138,794,138,711,149,607,
-1,-1,-1,438,711,581,795,1138,796,149,
438,-1,29,-1,8,-1,231,-1,582,-1,
125,-1,826,828,-1,826,56,823,807,-1,
826,6,823,802,811,-1,-1,587,273,202,
1437,-1,826,6,823,814,-1,826,139,823,
814,-1,827,806,817,-1,827,806,820,-1,
6,824,-1,6,825,-1,-1,808,809,-1,
810,-1,809,810,-1,809,632,810,-1,829,
-1,830,-1,831,-1,-1,812,-1,813,-1,
812,813,-1,812,632,813,-1,829,-1,830,
-1,831,-1,832,-1,835,-1,837,-1,838,
-1,836,-1,-1,815,-1,816,-1,815,816,
-1,815,632,816,-1,829,-1,830,-1,831,
-1,837,-1,838,-1,-1,818,-1,819,-1,
818,819,-1,818,632,819,-1,829,-1,833,
-1,834,-1,835,-1,837,-1,838,-1,836,
-1,-1,821,-1,822,-1,821,822,-1,821,
632,822,-1,829,-1,837,-1,838,-1,105,
1434,-1,571,1434,-1,421,1434,-1,1437,-1,
1437,-1,415,-1,417,-1,352,4,-1,227,
1313,839,-1,24,1313,839,-1,309,1313,839,
-1,172,1313,839,-1,572,1313,839,-1,422,
1313,839,-1,349,1313,1258,-1,74,1313,1434,
-1,1354,153,1313,914,-1,601,-1,355,-1,
1260,-1,1432,-1,630,841,-1,907,846,843,
-1,262,1429,-1,630,262,1429,631,-1,920,
631,907,846,843,-1,-1,846,896,631,842,
1529,-1,-1,-1,1399,899,896,844,1526,-1,
-1,1399,899,630,896,631,845,1529,-1,847,
-1,-1,848,-1,-1,385,850,849,853,-1,
-1,-1,385,852,853,-1,46,854,864,865,
872,-1,856,250,857,630,858,631,-1,-1,
856,206,855,862,-1,413,862,-1,413,861,
-1,267,862,-1,267,861,-1,-1,264,-1,
-1,11,155,1258,-1,-1,859,-1,860,-1,
859,632,860,-1,1437,-1,70,630,858,631,
-1,630,1134,870,1135,631,-1,630,1134,870,
1135,631,-1,-1,386,1258,-1,-1,-1,528,
46,856,206,863,866,871,-1,-1,528,46,
856,250,857,630,868,631,867,871,-1,869,
-1,868,632,869,-1,1437,-1,1141,-1,-1,
527,1258,-1,-1,630,873,631,-1,874,-1,
873,632,874,-1,-1,385,875,876,877,893,
888,-1,1437,-1,-1,-1,592,259,547,878,
880,-1,-1,592,238,879,881,-1,313,-1,
883,-1,883,-1,630,882,631,-1,883,-1,
882,632,883,-1,-1,-1,630,884,886,885,
631,-1,887,-1,886,632,887,-1,313,-1,
1141,-1,-1,630,889,631,-1,890,-1,889,
632,890,-1,-1,528,891,892,893,-1,1439,
-1,-1,894,-1,894,895,-1,895,-1,537,
1313,1439,-1,1354,153,1313,914,-1,349,1313,
1258,-1,308,1313,1260,-1,326,1313,1260,-1,
106,131,1313,1434,-1,225,131,1313,1434,-1,
74,1313,1434,-1,-1,-1,468,897,1128,1132,
898,918,-1,-1,19,-1,-1,901,-1,902,
-1,901,902,-1,913,-1,912,-1,-1,904,
-1,905,-1,905,904,-1,542,-1,-1,220,
1144,166,-1,-1,909,-1,910,-1,910,908,
-1,910,-1,910,909,-1,910,632,909,-1,
153,1313,914,-1,308,1313,1259,-1,326,1313,
1259,-1,26,1313,1257,-1,388,1313,1434,-1,
74,1313,1434,-1,25,1313,1259,-1,380,1313,
1257,-1,380,1313,120,-1,514,1313,1257,-1,
514,1313,120,-1,515,1313,1257,-1,515,1313,
120,-1,516,1313,1257,-1,516,1313,120,-1,
60,1313,1257,-1,540,1313,1257,-1,124,1313,
1257,-1,458,1313,916,-1,-1,576,1313,911,
630,1377,631,-1,912,-1,913,-1,232,1313,
917,-1,106,131,1313,1434,-1,225,131,1313,
1434,-1,537,1437,-1,521,134,-1,521,318,
-1,82,1313,1434,-1,249,1313,1257,-1,966,
957,1313,959,-1,966,68,1313,965,-1,1439,
-1,1439,-1,120,-1,180,-1,143,-1,79,
-1,423,-1,77,-1,354,-1,179,-1,253,
-1,1252,-1,1127,1131,-1,523,-1,418,-1,
118,-1,236,-1,921,-1,922,-1,921,632,
922,-1,923,-1,924,-1,929,925,-1,929,
983,-1,989,1013,998,630,1011,631,999,-1,
995,992,1013,997,630,1011,631,1000,-1,996,
992,1013,997,630,1011,631,1001,-1,927,990,
1013,998,630,1011,631,999,-1,927,185,250,
1013,630,1011,631,983,-1,927,926,-1,-1,
926,-1,61,630,1138,631,-1,-1,928,-1,
84,1013,-1,-1,1428,930,931,951,-1,939,
949,945,-1,940,950,945,-1,182,941,945,
-1,38,-1,38,948,-1,43,-1,42,-1,
935,948,969,-1,935,969,-1,936,948,970,
-1,936,970,-1,33,948,-1,33,-1,937,
948,969,-1,938,948,970,-1,594,948,-1,
619,949,945,-1,110,-1,552,943,-1,549,
943,-1,107,943,-1,553,-1,40,949,-1,
934,-1,314,-1,275,-1,278,594,-1,278,
937,969,-1,555,969,-1,546,949,969,-1,
316,969,-1,276,969,-1,118,941,945,-1,
360,941,945,-1,180,941,945,-1,-1,154,
932,630,1015,631,969,-1,-1,476,933,630,
1015,631,969,-1,278,969,-1,472,-1,196,
-1,195,-1,393,-1,334,-1,266,-1,333,
-1,394,-1,335,-1,59,-1,343,-1,340,
59,-1,935,598,-1,595,-1,340,595,-1,
361,-1,343,595,-1,340,59,598,-1,343,
598,-1,236,-1,554,-1,488,-1,315,-1,
32,-1,418,-1,137,-1,137,397,-1,-1,
948,-1,942,-1,630,358,632,358,631,-1,
-1,630,358,631,-1,-1,630,631,-1,630,
358,631,-1,-1,946,-1,946,947,-1,947,
-1,484,-1,580,-1,620,-1,630,277,631,
-1,630,567,631,-1,630,117,631,-1,630,
358,631,-1,-1,948,-1,-1,942,-1,-1,
952,-1,952,953,-1,953,-1,357,-1,1144,
357,-1,120,956,-1,364,582,955,-1,25,
-1,472,120,593,-1,982,250,-1,577,-1,
577,250,-1,74,1434,-1,68,963,-1,72,
120,-1,72,180,-1,72,143,-1,521,120,
-1,521,134,-1,521,318,-1,931,964,-1,
353,944,-1,955,-1,1418,-1,59,476,-1,
58,-1,1439,-1,33,-1,958,-1,120,-1,
-1,957,959,-1,1439,-1,33,-1,961,-1,
120,-1,1439,-1,-1,68,965,-1,963,-1,
120,-1,-1,120,-1,21,-1,33,21,-1,
21,33,-1,574,-1,574,33,-1,33,574,
-1,-1,967,-1,968,-1,47,-1,957,958,
970,-1,33,-1,33,957,958,-1,-1,33,
-1,-1,630,1258,972,631,-1,20,-1,126,
-1,451,-1,-1,973,-1,973,974,-1,974,
-1,1258,-1,976,975,-1,977,-1,978,632,
977,-1,976,623,976,-1,978,-1,979,-1,
-1,260,980,-1,-1,401,-1,424,1429,984,
986,987,-1,-1,630,985,631,-1,985,632,
1437,-1,1437,-1,-1,305,190,-1,305,384,
-1,305,485,-1,-1,364,582,988,-1,364,
125,988,-1,364,582,988,364,125,988,-1,
364,125,988,364,582,988,-1,446,-1,50,
-1,476,357,-1,354,5,-1,476,120,-1,
991,-1,401,250,-1,577,992,-1,250,-1,
225,-1,-1,991,-1,248,-1,225,-1,224,
-1,-1,577,-1,191,-1,494,-1,-1,997,
-1,997,1005,-1,-1,1002,-1,-1,1004,-1,
-1,1003,-1,1007,-1,1002,1007,-1,1008,-1,
1003,1008,-1,1009,-1,1004,1009,-1,588,1010,
-1,565,1010,-1,249,1313,1257,-1,74,1434,
-1,1006,-1,1005,-1,1006,-1,1006,-1,608,
383,1432,-1,45,-1,461,-1,206,-1,1011,
632,1012,1250,-1,1012,1250,-1,1437,-1,1437,
630,358,631,-1,-1,1428,-1,-1,638,1437,
-1,1416,-1,1015,632,1416,-1,-1,13,1054,
539,1429,1017,1029,-1,-1,13,103,1028,1018,
901,-1,13,103,1437,583,106,131,339,-1,
-1,13,403,691,1019,692,-1,-1,13,192,
691,1020,692,-1,-1,13,1552,1547,1021,1554,
-1,-1,13,1547,1022,1554,-1,-1,13,1547,
162,691,1023,1025,1026,681,686,1027,-1,13,
537,803,-1,13,273,202,805,-1,13,537,
800,-1,13,537,799,-1,13,474,1439,369,
630,675,631,-1,13,585,690,1024,-1,1440,
388,169,-1,1024,632,1440,388,169,-1,-1,
364,463,679,-1,685,-1,364,463,679,685,
-1,-1,434,556,691,-1,-1,138,687,-1,
-1,1437,-1,-1,133,537,-1,223,537,-1,
1044,847,-1,1044,1033,-1,1033,-1,848,-1,
1035,-1,139,385,1042,-1,419,385,1092,1034,
-1,-1,368,385,1092,1034,1030,1092,-1,15,
385,1092,1034,-1,-1,61,385,1034,1031,1087,
-1,-1,436,385,1092,1034,1032,1079,-1,66,
385,1092,1258,-1,563,385,1034,-1,1038,-1,
164,385,1043,608,539,1429,850,-1,433,387,
850,-1,12,-1,1042,-1,-1,6,385,1092,
1036,1037,-1,-1,630,873,631,-1,386,1258,
-1,-1,435,385,1092,1039,1040,-1,-1,-1,
1042,1041,235,630,873,631,-1,1043,-1,1042,
632,1043,-1,1437,-1,1046,-1,1044,632,1046,
-1,6,1053,-1,1045,923,1056,-1,6,924,
-1,1045,630,920,631,-1,-1,56,1053,1428,
1047,929,1056,-1,-1,-1,330,1053,1428,1048,
931,951,1049,1056,-1,139,1053,1428,1055,-1,
139,185,250,1428,-1,139,401,250,-1,139,
991,1428,-1,132,248,-1,147,248,-1,13,
1053,1428,476,120,1418,-1,13,1053,1428,139,
120,-1,434,1057,1429,-1,91,556,957,959,
964,-1,908,-1,184,-1,1243,-1,1051,-1,
1052,-1,-1,1052,-1,1051,-1,1052,1051,-1,
1051,1052,-1,11,1313,120,-1,11,1313,1437,
-1,272,1313,120,-1,272,1313,1437,-1,-1,
71,-1,-1,221,-1,-1,446,-1,50,-1,
-1,8,1437,-1,179,-1,-1,556,-1,155,
-1,19,-1,-1,513,486,1069,1059,1072,1064,
-1,520,486,1069,-1,513,558,1061,-1,-1,
1062,-1,1063,-1,1062,632,1063,-1,608,83,
489,-1,416,366,-1,416,613,-1,1065,1066,
1067,1068,-1,-1,585,155,1434,-1,-1,388,
155,1434,-1,-1,121,155,1434,-1,-1,390,
155,1434,-1,-1,1070,-1,1071,-1,1070,632,
1071,-1,509,-1,430,-1,-1,581,1073,-1,
663,-1,1073,632,663,-1,501,155,1434,-1,
499,155,1434,-1,500,-1,-1,60,1473,1075,
1283,1076,-1,-1,412,-1,171,-1,-1,436,
1092,1473,1078,1283,1079,-1,-1,1080,-1,1081,
-1,1081,1080,-1,412,-1,171,-1,586,-1,
-1,15,1092,1473,1083,1283,-1,34,1434,-1,
-1,61,1473,1086,1283,1087,-1,-1,1088,-1,
1089,-1,1089,1088,-1,412,-1,175,-1,317,
-1,171,-1,57,-1,186,583,-1,-1,368,
1092,1473,1091,1283,-1,-1,356,-1,269,-1,
-1,434,1473,1094,1096,-1,434,585,690,1095,
-1,1440,556,1440,-1,1095,632,1440,556,1440,
-1,1097,-1,1096,632,1097,-1,1429,556,1429,
-1,-1,48,225,1099,1100,238,1104,-1,1101,
-1,1103,-1,1102,-1,1101,632,1102,-1,1429,
1113,-1,1429,1111,1113,-1,1437,-1,120,-1,
-1,268,225,235,48,1106,1107,-1,1110,-1,
1108,-1,1109,-1,1108,632,1109,-1,1429,1113,
1116,-1,1429,1111,1113,1116,-1,-1,385,850,
1112,630,1034,631,-1,-1,1114,1115,-1,-1,
991,630,1225,631,-1,-1,221,256,-1,1118,
-1,468,1121,-1,630,1119,631,1529,-1,468,
1123,-1,630,1119,631,-1,468,1204,-1,630,
1120,631,-1,-1,1123,1122,1526,-1,-1,-1,
1124,1128,1132,1125,1126,1131,-1,1246,1252,-1,
1271,-1,1127,-1,1271,1127,-1,1127,1271,-1,
189,1184,1235,1240,1237,1246,1252,1263,-1,189,
140,1235,1252,-1,-1,1129,-1,1129,1130,-1,
1130,-1,1543,-1,506,-1,504,-1,-1,186,
582,-1,272,238,478,328,-1,1132,632,1133,
-1,1133,-1,625,-1,1134,1423,1135,-1,1134,
1138,1135,1136,-1,-1,-1,-1,19,1437,-1,
19,1434,-1,1437,-1,1434,-1,-1,630,631,
-1,1138,1142,1138,-1,1138,617,1138,-1,1138,
1143,1138,-1,352,1138,-1,1139,243,562,-1,
1139,243,1144,562,-1,1139,243,174,-1,1139,
243,1144,174,-1,1139,243,578,-1,1139,243,
1144,578,-1,1139,-1,1139,243,357,-1,1139,
243,1144,357,-1,1139,156,1140,-1,1139,1146,
1140,-1,1139,1146,1147,630,1538,631,-1,1140,
-1,1141,238,630,1538,631,-1,1141,1144,238,
630,1538,631,-1,1141,238,630,1138,631,-1,
1141,238,630,1138,632,1177,631,-1,1141,1144,
238,630,1138,631,-1,1141,1144,238,630,1138,
632,1177,631,-1,1141,31,1141,17,1140,-1,
1141,1144,31,1141,17,1140,-1,1141,492,262,
1141,-1,1141,262,1148,1239,-1,1141,1144,262,
1148,1239,-1,1141,425,1141,-1,1141,1144,425,
1141,-1,1141,-1,1141,621,1141,-1,1141,622,
1141,-1,1141,479,1141,-1,1141,480,1141,-1,
1141,624,1141,-1,1141,623,1141,-1,1141,624,
234,1138,1229,-1,1141,623,234,1138,1229,-1,
1141,625,1141,-1,1141,626,1141,-1,1141,627,
1141,-1,1141,136,1141,-1,1141,331,1141,-1,
1141,628,1141,-1,1148,-1,375,-1,372,-1,
17,-1,16,-1,352,-1,351,-1,633,-1,
351,-1,155,-1,193,-1,204,-1,254,-1,
281,-1,345,-1,12,-1,18,-1,1425,-1,
1149,-1,1150,-1,1153,-1,1151,-1,1148,68,
1439,-1,1419,-1,1417,-1,1165,-1,1161,-1,
1148,374,1148,-1,624,1148,-1,623,1148,-1,
629,1148,-1,1145,1148,-1,630,1538,631,-1,
630,1138,631,-1,630,1138,632,1177,631,-1,
459,630,1138,632,1177,631,-1,166,630,1538,
631,-1,634,1437,1138,635,-1,305,1178,9,
630,1141,1155,631,-1,33,1148,-1,53,630,
1138,19,1175,631,-1,52,1180,1182,1181,149,
-1,91,630,1138,632,1175,631,-1,91,630,
1138,588,958,631,-1,120,630,1425,631,-1,
592,630,1426,631,-1,234,1138,1229,624,1138,
-1,59,630,1177,631,-1,59,630,1177,588,
958,631,-1,99,1137,-1,110,630,1138,631,
-1,115,630,1138,631,-1,216,630,1138,631,
-1,231,630,1138,632,1138,632,1138,632,1138,
631,-1,234,630,1138,632,1138,631,-1,234,
630,1138,632,1138,632,1177,631,-1,258,630,
1138,632,1138,631,-1,325,630,1138,631,-1,
332,630,1138,631,-1,453,630,1138,632,1138,
631,-1,466,630,1138,631,-1,552,630,1138,
631,-1,549,630,1138,631,-1,549,630,1138,
632,1138,631,-1,561,630,1138,631,-1,561,
630,255,1138,189,1138,631,-1,561,630,557,
1138,189,1138,631,-1,561,630,44,1138,189,
1138,631,-1,561,630,255,189,1138,631,-1,
561,630,557,189,1138,631,-1,561,630,44,
189,1138,631,-1,561,630,1138,189,1138,631,
-1,585,630,631,-1,619,630,1138,631,-1,
7,630,1138,632,1138,631,-1,7,630,1138,
632,234,1138,1229,631,-1,97,1137,-1,102,
944,-1,108,630,1138,632,234,1138,1229,631,
-1,109,630,1138,632,234,1138,1229,631,-1,
173,630,1229,189,1138,631,-1,197,630,1231,
632,1138,631,-1,955,-1,396,630,1141,238,
1138,631,-1,525,630,1138,632,1138,631,-1,
525,630,1138,632,234,1138,1229,631,-1,529,
630,1138,632,1138,632,1138,631,-1,529,630,
1138,632,1138,631,-1,529,630,1138,189,1138,
186,1138,631,-1,529,630,1138,189,1138,631,
-1,535,944,-1,550,630,1230,632,1138,632,
1138,631,-1,551,630,1230,632,1138,632,1138,
631,-1,589,1137,-1,591,944,-1,590,944,
-1,21,630,1138,631,-1,58,630,1138,631,
-1,66,630,1177,631,-1,69,630,1138,631,
-1,103,630,631,-1,220,630,1138,632,1138,
632,1138,631,-1,187,630,1138,632,1138,631,
-1,187,630,1138,632,1138,632,1138,631,-1,
321,630,1138,631,-1,331,630,1138,632,1138,
631,-1,363,630,1138,631,-1,388,630,1138,
631,-1,410,630,1138,631,-1,438,630,1138,
632,1138,631,-1,439,630,1138,632,1138,632,
1138,631,-1,451,630,1138,631,-1,460,630,
631,-1,563,630,1138,632,1138,631,-1,603,
630,1138,631,-1,603,630,1138,632,1138,631,
-1,604,630,1138,981,631,-1,604,630,1138,
19,59,971,981,631,-1,604,630,1138,19,
33,971,631,-1,604,630,1138,632,1257,632,
1257,632,1257,631,-1,1152,-1,88,630,1138,
632,1138,631,-1,195,630,1177,631,-1,266,
630,1177,631,-1,333,630,1177,631,-1,334,
630,1177,631,-1,335,630,1177,631,-1,393,
630,1138,632,1138,631,-1,394,630,1177,631,
-1,-1,1432,630,1154,1158,631,-1,1437,638,
1437,630,1176,631,-1,1156,1157,-1,238,42,
328,-1,-1,238,341,252,328,-1,-1,608,
411,168,-1,-1,1159,-1,1160,-1,1159,632,
1160,-1,1134,1138,1135,1136,-1,27,630,1173,
631,-1,27,630,135,1173,631,-1,36,630,
1173,631,-1,37,630,1173,631,-1,39,630,
1173,631,-1,92,630,1234,625,631,-1,92,
630,1173,631,-1,-1,-1,92,630,135,1162,
1177,1163,631,-1,327,630,1173,631,-1,327,
630,135,1173,631,-1,310,630,1173,631,-1,
310,630,135,1173,631,-1,519,630,1173,631,
-1,597,630,1173,631,-1,518,630,1173,631,
-1,599,630,1173,631,-1,530,630,1173,631,
-1,530,630,135,1173,631,-1,-1,203,630,
1168,1164,1177,1170,1169,631,-1,-1,637,1166,
1167,-1,1439,477,1138,-1,1439,-1,637,1459,
1439,1014,-1,-1,135,-1,-1,470,1416,-1,
-1,-1,373,46,1171,1172,-1,1172,632,1424,
1250,-1,1424,1250,-1,-1,1234,1174,1138,-1,
33,949,-1,59,949,969,-1,343,949,-1,
484,-1,484,236,-1,580,-1,580,236,-1,
110,-1,552,943,-1,107,943,-1,118,941,
-1,-1,1177,-1,1138,-1,1177,632,1138,-1,
1179,-1,630,1179,631,-1,1425,-1,1179,632,
1425,-1,-1,1138,-1,-1,145,1138,-1,605,
1138,548,1138,-1,1182,605,1138,548,1138,-1,
1198,-1,1187,-1,1186,-1,1183,-1,634,1437,
1183,635,-1,1185,-1,1186,632,1185,-1,1183,
1195,1183,-1,1183,522,1198,-1,-1,1183,1195,
1183,364,1188,1138,-1,-1,1183,522,1198,364,
1189,1138,-1,-1,1183,1195,1183,588,1190,630,
1228,631,-1,1183,341,247,1198,-1,-1,1183,
258,1214,247,1183,364,1191,1138,-1,-1,1183,
258,1214,247,1198,1192,588,630,1228,631,-1,
1183,341,258,1214,247,1198,-1,-1,1183,453,
1214,247,1183,364,1193,1138,-1,-1,1183,453,
1214,247,1198,1194,588,630,1228,631,-1,1183,
341,453,1214,247,1198,-1,247,-1,228,247,
-1,95,247,-1,-1,1197,-1,385,630,1228,
631,850,-1,-1,1199,1429,1196,1233,1223,-1,
1213,1212,1209,-1,630,1212,1200,631,1233,-1,
1207,1530,-1,-1,-1,1200,576,1534,1201,1535,
1202,1530,-1,1204,-1,-1,-1,1205,1541,1132,
1206,918,1131,-1,-1,1212,1208,1186,-1,-1,
-1,1210,1128,1132,1211,918,-1,-1,468,-1,
-1,376,-1,-1,186,247,-1,186,373,46,
-1,186,202,46,-1,184,-1,221,-1,-1,
1216,991,1215,1218,630,1227,631,-1,-1,587,
991,1215,1219,630,1225,631,-1,1217,-1,1220,
1217,-1,-1,-1,1222,1220,-1,-1,1224,1221,
-1,-1,1227,-1,1437,-1,401,-1,1226,-1,
1227,632,1226,-1,1437,-1,1228,632,1437,-1,
1230,-1,111,-1,112,-1,113,-1,114,-1,
213,-1,214,-1,215,-1,323,-1,324,-1,
465,-1,618,-1,115,-1,603,-1,216,-1,
325,-1,332,-1,410,-1,466,-1,321,-1,
619,-1,110,-1,552,-1,549,-1,107,-1,
-1,19,-1,155,-1,-1,1232,1437,-1,-1,
12,-1,-1,-1,606,1236,1138,-1,-1,-1,
207,1238,1138,-1,160,1148,-1,-1,-1,202,
46,1241,1242,-1,1241,632,1424,1250,-1,1424,
1250,-1,-1,609,-1,610,-1,373,46,1244,
-1,1244,632,1245,-1,1245,-1,1426,1250,-1,
-1,1247,-1,-1,373,46,1248,1249,-1,1249,
632,1424,1250,-1,1424,1250,-1,-1,20,-1,
126,-1,-1,1253,-1,-1,1253,-1,263,1254,
-1,1255,-1,1255,632,1255,-1,1255,362,1255,
-1,1437,-1,1417,-1,567,-1,277,-1,358,
-1,-1,263,1255,-1,358,-1,209,-1,277,
-1,567,-1,117,-1,181,-1,358,-1,209,
-1,277,-1,567,-1,1261,-1,358,-1,567,
-1,277,-1,117,-1,181,-1,358,-1,567,
-1,277,-1,1261,-1,1262,-1,117,-1,181,
-1,-1,-1,403,14,1264,630,1265,631,-1,
-1,1266,-1,1266,632,1266,-1,358,-1,-1,
1268,1269,-1,1269,632,1270,-1,1270,-1,637,
1439,-1,1439,-1,-1,235,1272,1273,-1,-1,
-1,377,1436,1274,960,1275,1400,1403,-1,141,
1436,-1,1267,-1,-1,138,1277,1177,-1,-1,
139,1289,1473,1288,1279,1283,1055,-1,-1,-1,
139,225,1437,364,1429,1280,1281,1050,-1,139,
103,1288,1437,-1,139,192,1288,1437,638,1437,
-1,139,192,1288,1437,-1,139,403,1288,691,
-1,139,585,690,1505,-1,-1,139,600,1288,
1282,1283,1055,-1,139,162,1288,691,-1,139,
560,1288,691,-1,139,537,826,1290,-1,139,
273,202,827,1290,-1,139,474,1288,1439,-1,
1284,-1,1283,632,1284,-1,1429,-1,1429,1196,
-1,1287,-1,1286,632,1287,-1,1430,-1,-1,
220,166,-1,-1,542,-1,-1,1291,-1,1292,
-1,1291,1292,-1,1290,632,1292,-1,837,-1,
838,-1,-1,-1,231,1294,1299,1054,1301,1295,
1303,1319,-1,-1,-1,439,1297,1300,1301,1298,
1303,-1,-1,280,-1,123,-1,210,-1,1328,
-1,123,-1,235,1302,-1,1302,-1,1285,-1,
1306,-1,630,631,1306,-1,630,1305,631,1306,
-1,-1,476,1304,1310,-1,1305,632,1422,-1,
1422,-1,592,1309,-1,593,1309,-1,-1,896,
1307,1526,-1,-1,630,896,631,1308,1529,-1,
1309,632,1314,-1,1314,-1,1310,632,1311,-1,
1311,-1,1426,1312,1318,-1,155,-1,477,-1,
-1,1312,-1,-1,630,1315,1316,631,-1,-1,
1317,-1,1317,632,1318,-1,1318,-1,1138,-1,
120,-1,-1,-1,364,142,1320,250,582,1326,
-1,-1,-1,582,1322,1328,1054,1184,476,1324,
1323,1235,1246,1256,-1,1324,632,1325,-1,1325,
-1,1426,1312,1318,-1,1326,632,1327,-1,1327,
-1,1426,1312,1318,-1,-1,280,-1,-1,125,
1330,1338,1331,-1,-1,189,1429,1196,1332,1235,
1246,1256,-1,-1,1335,1333,189,1184,1235,-1,
-1,189,1286,1334,588,1184,1235,-1,1336,-1,
1335,632,1336,-1,1437,1337,-1,1437,638,1437,
1337,-1,-1,638,625,-1,-1,1339,1338,-1,
412,-1,280,-1,221,-1,-1,563,1342,1341,
1284,-1,-1,539,-1,-1,1344,-1,1345,-1,
1344,632,1345,-1,93,-1,318,-1,41,241,
-1,89,534,-1,381,176,-1,242,-1,533,
-1,493,-1,12,-1,-1,186,411,358,-1,
-1,481,1348,1349,-1,104,1360,-1,1356,536,
1355,1360,-1,1356,559,1355,1360,-1,161,1355,
1360,-1,539,517,1355,1360,-1,367,536,1355,
1360,-1,392,-1,153,915,1352,-1,153,12,
1352,-1,1356,70,1357,1429,1355,1360,-1,1353,
274,-1,486,212,-1,-1,34,161,1358,1359,
1350,1251,-1,-1,427,161,1358,1359,1351,1251,
-1,993,1357,1429,1355,1235,-1,1354,152,-1,
402,-1,92,630,625,631,602,-1,92,630,
625,631,158,-1,602,1251,-1,158,1251,-1,
407,-1,406,1343,1346,1251,-1,1458,517,1360,
-1,1356,405,-1,1458,596,1360,-1,957,1360,
-1,69,1360,-1,201,-1,201,186,1440,-1,
94,103,906,1437,-1,94,539,1429,-1,94,
600,1429,-1,302,517,-1,486,517,-1,94,
403,691,-1,94,192,691,-1,94,560,691,
-1,403,517,1360,-1,192,517,1360,-1,403,
67,691,-1,192,67,691,-1,94,162,691,
-1,517,-1,336,-1,274,-1,302,-1,33,
-1,-1,521,-1,-1,1357,1437,-1,-1,190,
-1,189,-1,238,-1,-1,238,1434,-1,-1,
189,1259,-1,-1,262,1434,-1,606,1138,-1,
-1,1365,1429,1362,1367,-1,-1,1365,1366,1363,
1364,-1,1117,-1,1293,-1,1296,-1,1321,-1,
1329,-1,126,-1,127,-1,-1,171,-1,386,
-1,187,155,1439,-1,-1,1416,-1,1437,-1,
-1,183,1092,1369,1370,-1,-1,-1,1473,1371,
1377,1372,1373,-1,1375,-1,-1,608,416,272,
-1,-1,186,1374,170,-1,1375,632,1376,-1,
1376,-1,157,274,-1,153,274,-1,194,274,
-1,487,274,-1,33,274,-1,426,274,-1,
411,48,-1,212,-1,402,-1,274,-1,517,
-1,128,-1,444,-1,-1,1283,-1,-1,442,
1379,1380,-1,1380,632,1381,-1,1381,-1,-1,
486,1382,1383,-1,302,-1,411,48,-1,-1,
12,-1,-1,409,1385,1386,-1,1353,274,1387,
-1,556,1434,-1,29,1138,-1,251,1389,1138,
-1,-1,82,-1,411,-1,587,1437,-1,-1,
-1,-1,-1,268,1396,1392,1398,1397,226,1436,
1393,1399,235,539,1429,1196,1394,960,1395,1406,
1400,1403,1407,1409,1412,-1,106,-1,616,-1,
-1,269,-1,-1,80,-1,280,-1,-1,439,
-1,221,-1,-1,70,1401,-1,1401,1402,-1,
1402,-1,544,46,1416,-1,371,148,46,1416,
-1,148,46,1416,-1,159,46,1416,-1,-1,
265,1404,-1,1404,1405,-1,1405,-1,544,46,
1416,-1,511,46,1416,-1,-1,457,218,46,
1416,-1,-1,221,358,1408,-1,265,-1,457,
-1,-1,630,1410,631,-1,630,631,-1,1410,
632,1411,-1,1411,-1,1426,-1,637,1439,-1,
-1,476,1413,-1,1413,632,1414,-1,1414,-1,
1426,1312,1134,1318,1135,-1,545,-1,342,-1,
570,545,-1,1415,1435,-1,1435,-1,209,-1,
35,-1,382,-1,1419,-1,624,1420,-1,623,
1420,-1,1415,-1,1420,-1,1421,-1,357,-1,
174,-1,562,-1,209,-1,35,-1,570,209,
-1,570,35,-1,358,-1,277,-1,567,-1,
117,-1,181,-1,110,545,-1,552,545,-1,
549,545,-1,1426,-1,1423,-1,1437,638,625,
-1,1437,638,1437,638,625,-1,1138,-1,1437,
-1,1427,-1,1437,-1,1427,-1,1437,638,1437,
-1,638,1437,638,1437,-1,1437,638,1437,638,
1437,-1,1437,-1,1437,638,1437,638,1437,-1,
1437,638,1437,-1,638,1437,-1,1437,-1,1437,
638,1437,-1,638,1437,-1,1437,1337,-1,1437,
638,1437,1337,-1,1437,-1,217,-1,219,-1,
1434,-1,545,-1,545,-1,545,-1,1432,-1,
1441,-1,1432,-1,1442,-1,1437,-1,1434,-1,
261,-1,1439,-1,1439,637,1439,-1,99,1137,
-1,1442,-1,21,-1,28,-1,30,-1,47,
-1,48,-1,58,-1,60,-1,65,-1,74,
-1,76,-1,88,-1,116,-1,138,-1,149,
-1,165,-1,183,-1,187,-1,205,-1,208,
-1,211,-1,233,-1,252,-1,354,-1,367,
-1,369,-1,379,-1,383,-1,395,-1,398,
-1,433,-1,436,-1,442,-1,445,-1,454,
-1,462,-1,467,-1,474,-1,484,-1,490,
-1,486,-1,491,-1,513,-1,520,-1,563,
-1,574,-1,575,-1,612,-1,615,-1,583,
-1,5,-1,7,-1,8,-1,9,-1,10,
-1,11,-1,14,-1,18,-1,23,-1,25,
-1,24,-1,26,-1,27,-1,34,-1,38,
-1,41,-1,43,-1,42,-1,45,-1,51,
-1,54,-1,55,-1,57,-1,62,-1,64,
-1,63,-1,66,-1,67,-1,69,-1,73,
-1,72,-1,70,-1,75,-1,77,-1,78,
-1,79,-1,80,-1,82,-1,83,-1,85,
-1,87,-1,86,-1,89,-1,93,-1,96,
-1,98,-1,101,-1,106,-1,105,-1,107,
-1,110,-1,115,-1,121,-1,122,-1,124,
-1,128,-1,130,-1,131,-1,132,-1,133,
-1,134,-1,141,-1,142,-1,143,-1,150,
-1,154,-1,153,-1,152,-1,157,-1,158,
-1,160,-1,162,-1,161,-1,163,-1,164,
-1,168,-1,169,-1,170,-1,171,-1,172,
-1,176,-1,175,-1,188,-1,147,-1,190,
-1,178,-1,179,-1,180,-1,194,-1,196,
-1,195,-1,197,-1,201,-1,199,-1,206,
-1,212,-1,216,-1,218,-1,222,-1,237,
-1,223,-1,224,-1,227,-1,241,-1,242,
-1,244,-1,245,-1,232,-1,249,-1,253,
-1,256,-1,259,-1,260,-1,266,-1,267,
-1,269,-1,271,-1,273,-1,274,-1,308,
-1,302,-1,304,-1,286,-1,290,-1,287,
-1,288,-1,303,-1,289,-1,292,-1,284,
-1,291,-1,285,-1,300,-1,294,-1,293,
-1,295,-1,296,-1,297,-1,298,-1,299,
-1,282,-1,306,-1,307,-1,309,-1,311,
-1,312,-1,317,-1,318,-1,319,-1,320,
-1,321,-1,322,-1,325,-1,326,-1,330,
-1,328,-1,332,-1,333,-1,334,-1,335,
-1,336,-1,337,-1,339,-1,338,-1,340,
-1,343,-1,344,-1,348,-1,347,-1,355,
-1,349,-1,350,-1,359,-1,361,-1,362,
-1,363,-1,365,-1,366,-1,380,-1,381,
-1,384,-1,387,-1,386,-1,388,-1,389,
-1,390,-1,391,-1,392,-1,393,-1,394,
-1,399,-1,400,-1,402,-1,404,-1,405,
-1,406,-1,407,-1,408,-1,410,-1,411,
-1,412,-1,415,-1,419,-1,420,-1,422,
-1,421,-1,423,-1,426,-1,427,-1,428,
-1,429,-1,430,-1,432,-1,435,-1,437,
-1,440,-1,444,-1,447,-1,448,-1,449,
-1,451,-1,455,-1,456,-1,457,-1,460,
-1,458,-1,459,-1,461,-1,463,-1,464,
-1,466,-1,472,-1,471,-1,473,-1,485,
-1,478,-1,482,-1,487,-1,489,-1,492,
-1,493,-1,499,-1,500,-1,501,-1,504,
-1,503,-1,506,-1,509,-1,512,-1,514,
-1,515,-1,516,-1,517,-1,521,-1,523,
-1,524,-1,525,-1,526,-1,528,-1,527,
-1,531,-1,532,-1,533,-1,534,-1,541,
-1,536,-1,540,-1,537,-1,542,-1,543,
-1,546,-1,547,-1,558,-1,559,-1,549,
-1,550,-1,551,-1,552,-1,564,-1,565,
-1,566,-1,192,-1,568,-1,569,-1,572,
-1,571,-1,578,-1,581,-1,585,-1,586,
-1,596,-1,600,-1,593,-1,602,-1,601,
-1,603,-1,611,-1,604,-1,614,-1,616,
-1,619,-1,-1,476,1444,1445,-1,-1,1461,
1446,1451,-1,-1,558,1447,1464,-1,-1,1457,
1448,1449,-1,-1,1460,1450,1451,-1,558,1464,
-1,-1,632,1452,-1,-1,1453,1455,-1,-1,
1452,632,1454,1455,-1,-1,1457,1456,1460,-1,
1461,-1,199,-1,269,-1,473,-1,-1,199,
-1,269,-1,473,-1,-1,199,638,-1,269,
638,-1,473,638,-1,1463,1312,1470,-1,-1,
1463,1312,1462,1470,-1,637,1439,1312,1138,-1,
637,637,1459,1463,1312,1470,-1,957,962,-1,
338,1312,1138,-1,338,959,964,-1,388,1312,
1469,-1,388,186,1440,1312,1469,-1,1437,-1,
1437,638,1437,-1,120,638,1437,-1,1465,-1,
1466,-1,1465,632,1466,-1,1466,632,1465,-1,
1467,-1,244,260,1468,-1,416,366,-1,416,
613,-1,416,568,-1,416,75,-1,437,416,
-1,471,-1,545,-1,388,630,545,631,-1,
363,630,545,631,-1,1138,-1,120,-1,364,
-1,12,-1,33,-1,-1,272,1473,1472,1474,
-1,539,-1,536,-1,1475,-1,1474,632,1475,
-1,1429,1233,1476,-1,416,-1,613,-1,280,
613,-1,416,269,-1,-1,579,1478,1473,-1,
205,1429,367,1233,-1,205,1431,65,-1,-1,
205,1431,416,1480,1481,1235,1252,-1,1482,-1,
1437,1483,-1,179,-1,348,-1,179,-1,348,
-1,400,-1,253,-1,-1,1485,1484,630,1317,
631,-1,155,-1,193,-1,254,-1,204,-1,
281,-1,-1,452,690,1487,1488,-1,1493,364,
1492,1504,189,1506,-1,1493,364,192,1504,189,
1506,-1,1493,364,403,1504,189,1506,-1,12,
1494,632,200,370,189,1506,-1,408,364,1440,
189,1506,-1,-1,200,690,1490,1491,-1,1493,
364,1492,1504,556,1506,1511,1512,-1,1493,364,
192,1504,556,1506,1511,1512,-1,1493,364,403,
1504,556,1506,1511,1512,-1,408,364,1440,556,
1506,1513,-1,-1,539,-1,1495,-1,12,1494,
-1,-1,402,-1,1496,-1,1495,632,1496,-1,
-1,468,1497,1508,-1,-1,231,1498,1508,-1,
-1,582,1499,1508,-1,-1,424,1500,1508,-1,
125,-1,584,-1,225,-1,13,-1,94,-1,
139,-1,165,-1,432,-1,482,-1,404,-1,
178,-1,200,370,-1,481,104,-1,531,-1,
94,542,536,-1,272,536,-1,440,486,-1,
440,64,-1,94,600,-1,481,600,-1,94,
456,-1,13,456,-1,94,585,-1,162,-1,
560,-1,94,537,-1,-1,17,-1,1503,1501,
1502,-1,1503,-1,526,545,-1,245,545,-1,
62,545,-1,625,-1,1437,638,625,-1,625,
638,625,-1,1429,-1,1440,-1,1505,632,1440,
-1,1507,-1,1506,632,1507,-1,1440,218,46,
545,-1,1440,218,46,388,545,-1,1440,218,
608,1439,-1,1440,218,608,1439,19,1434,-1,
1440,-1,-1,630,1509,631,-1,1509,632,1510,
-1,1510,-1,1437,-1,-1,441,1502,-1,441,
510,-1,441,614,-1,441,350,-1,-1,608,
1514,-1,-1,608,200,370,-1,1514,1515,-1,
1515,-1,200,370,-1,307,1257,-1,311,1257,
-1,306,1257,-1,312,1257,-1,-1,30,1517,
1518,-1,-1,611,-1,-1,17,354,55,-1,
17,55,-1,-1,431,-1,354,431,-1,-1,
462,-1,76,1518,1519,1520,-1,454,1518,1519,
1520,-1,454,1518,556,1521,1437,-1,462,1437,
-1,431,462,1437,-1,-1,1527,-1,-1,576,
1534,1528,1118,-1,-1,1527,-1,1531,-1,-1,
1531,-1,-1,1532,1533,-1,1247,1251,-1,1253,
-1,-1,135,-1,12,-1,468,1203,-1,630,
1120,631,-1,1535,1530,-1,-1,1536,576,1534,
1537,1535,1530,-1,1539,1536,1540,-1,-1,-1,
-1,1542,-1,1542,1543,-1,1543,-1,522,-1,
210,-1,135,-1,507,-1,502,-1,503,-1,
505,-1,12,-1,1549,1545,-1,1548,1546,-1,
1550,1547,1554,-1,1554,-1,1566,-1,1577,-1,
1571,-1,677,-1,1554,-1,1566,-1,1577,-1,
1571,-1,1570,-1,677,-1,1548,-1,1549,-1,
-1,122,155,1440,-1,1551,-1,1551,1552,-1,
1552,-1,375,439,-1,11,155,569,-1,11,
155,319,-1,11,155,543,-1,-1,508,467,
122,-1,508,467,237,-1,-1,1553,600,1429,
1555,1556,19,1558,-1,-1,630,1557,631,-1,
1437,-1,1557,632,1437,-1,-1,1559,1560,1565,
-1,-1,1563,1561,1526,-1,630,1562,631,1529,
-1,1563,-1,630,1562,631,-1,-1,468,1564,
1123,-1,-1,608,61,370,-1,608,51,61,
370,-1,608,269,61,370,-1,-1,-1,-1,
560,1134,691,797,798,364,1134,1567,1429,186,
1134,1568,144,459,1569,746,-1,10,1134,192,
1437,449,919,491,1434,-1,1134,192,1437,449,
919,491,1434,-1,-1,-1,-1,-1,-1,1134,
192,691,630,1572,702,631,1573,449,1574,954,
1575,693,1576,746,-1,-1,-1,-1,-1,403,
1134,691,1578,630,1579,706,631,1580,693,1581,
746,-1,615,1584,1583,1585,-1,615,149,1583,
1587,-1,615,398,1583,-1,615,76,1583,1586,
-1,615,454,1583,-1,615,420,-1,1416,-1,
1416,632,1416,-1,1416,632,1416,632,1257,-1,
30,-1,513,-1,-1,247,-1,447,-1,-1,
365,389,-1,-1,-1,532,1588,1589,-1,-1,
186,322,-1,233,391,1437,491,1434,-1,575,
391,1437,-1