0,1969,1969,1982,1981,2006,2013,2015,2019,2020,
2025,2026,2027,2028,2029,2030,2031,2032,2033,2034,
2035,2036,2037,2038,2039,2040,2041,2042,2043,2044,
2045,2046,2047,2048,2049,2050,2051,2052,2053,2054,
2055,2056,2057,2058,2059,2060,2061,2062,2063,2064,
2065,2066,2067,2068,2069,2070,2071,2072,2073,2074,
2075,2076,2080,2090,2091,2095,2115,2122,2133,2132,
2143,2145,2149,2150,2154,2167,2166,2186,2185,2203,
2204,2208,2212,2216,2220,2225,2229,2233,2238,2251,
2256,2260,2264,2268,2272,2276,2281,2285,2290,2321,
2326,2333,2336,2338,2339,2343,2357,2361,2377,2381,
2394,2393,2439,2444,2438,2451,2456,2449,2463,2468,
2461,2474,2473,2486,2485,2493,2497,2501,2505,2512,
2530,2531,2535,2539,2543,2547,2551,2556,2560,2568,
2567,2599,2598,2605,2612,2613,2619,2625,2635,2641,
2647,2649,2656,2657,2661,2667,2676,2677,2685,2685,
2740,2741,2742,2743,2744,2745,2746,2747,2748,2749,
2750,2751,2752,2757,2771,2785,2804,2805,2809,2810,
2815,2817,2819,2821,2823,2825,2827,2833,2834,2835,
2839,2843,2851,2850,2863,2865,2868,2870,2874,2878,
2885,2887,2891,2892,2897,2916,2946,2948,2952,2953,
2957,2986,2987,2988,2989,2993,2994,2998,2999,3004,
3007,3034,3033,3117,3134,3133,3208,3207,3280,3281,
3286,3288,3293,3316,3327,3331,3353,3354,3358,3362,
3375,3381,3387,3396,3411,3437,3443,3444,3450,3453,
3457,3465,3485,3487,3505,3511,3513,3515,3517,3519,
3521,3523,3525,3527,3529,3531,3533,3538,3554,3570,
3571,3576,3582,3591,3597,3606,3614,3643,3652,3654,
3663,3668,3674,3683,3691,3693,3695,3697,3699,3701,
3703,3705,3707,3709,3711,3713,3715,3720,3740,3764,
3766,3765,3772,3773,3774,3775,3776,3777,3778,3779,
3780,3781,3782,3783,3784,3789,3788,3799,3799,3856,
3855,3912,3912,3934,3993,4043,4068,4067,4093,4116,
4118,4119,4123,4141,4162,4171,4207,4162,4236,4238,
4239,4243,4244,4249,4260,4248,4311,4310,4324,4325,
4329,4330,4335,4344,4334,4393,4402,4392,4446,4459,
4464,4463,4501,4502,4507,4506,4540,4540,4559,4558,
4608,4625,4634,4624,4688,4697,4687,4737,4739,4744,
4746,4748,4765,4770,4776,4783,4784,4792,4798,4807,
4813,4819,4820,4824,4824,4829,4830,4831,4835,4836,
4837,4840,4842,4846,4847,4848,4852,4853,4854,4855,
4856,4857,4858,4859,4862,4864,4868,4869,4870,4874,
4875,4876,4877,4878,4881,4883,4887,4888,4889,4893,
4894,4895,4896,4897,4898,4899,4902,4904,4908,4909,
4910,4914,4915,4916,4921,4929,4937,4945,4957,4969,
4974,4979,4987,4995,5003,5011,5019,5027,5035,5048,
5061,5075,5080,5093,5094,5145,5146,5149,5164,5182,
5187,5185,5192,5194,5193,5197,5196,5202,5239,5240,
5245,5244,5263,5282,5281,5298,5302,5310,5309,5312,
5314,5316,5318,5323,5324,5330,5331,5348,5349,5353,
5354,5358,5377,5387,5398,5407,5408,5424,5426,5425,
5430,5428,5439,5440,5444,5462,5478,5479,5495,5510,
5532,5533,5538,5537,5561,5577,5599,5598,5616,5615,
5635,5657,5661,5690,5702,5703,5708,5719,5707,5744,
5745,5749,5762,5783,5796,5822,5823,5828,5827,5864,
5877,5878,5882,5883,5887,5889,5895,5897,5899,5901,
5903,5905,5915,5930,5914,5944,5945,5949,5950,5954,
5955,5959,5960,5964,5965,5969,5970,5974,5978,5979,
5982,5984,5988,5989,5993,5994,5995,5999,6004,6009,
6014,6019,6024,6029,6034,6049,6055,6070,6075,6090,
6096,6114,6119,6124,6129,6134,6140,6139,6165,6166,
6167,6172,6177,6182,6184,6186,6188,6194,6202,6220,
6237,6263,6281,6282,6283,6284,6285,6286,6290,6291,
6292,6296,6297,6301,6302,6303,6304,6309,6316,6317,
6321,6322,6326,6327,6334,6339,6345,6351,6357,6376,
6382,6384,6388,6392,6393,6397,6402,6401,6424,6425,
6426,6427,6432,6436,6441,6446,6450,6455,6460,6466,
6471,6477,6481,6486,6491,6509,6511,6513,6529,6531,
6536,6541,6553,6558,6563,6568,6570,6572,6574,6576,
6578,6580,6582,6585,6584,6589,6588,6592,6594,6603,
6604,6605,6611,6612,6613,6614,6615,6619,6623,6624,
6628,6629,6633,6634,6635,6636,6637,6641,6642,6643,
6644,6645,6649,6654,6656,6662,6663,6665,6670,6680,
6681,6685,6686,6687,6695,6696,6700,6701,6705,6706,
6707,6711,6712,6713,6714,6717,6718,6722,6723,6727,
6728,6732,6733,6737,6738,6739,6740,6741,6742,6748,
6754,6760,6766,6767,6780,6786,6792,6798,6803,6808,
6817,6838,6846,6847,6852,6853,6857,6865,6869,6870,
6874,6875,6879,6888,6892,6893,6897,6905,6906,6910,
6911,6915,6916,6921,6922,6926,6933,6942,6947,6955,
6956,6957,6958,6959,6960,6965,6973,6974,6979,6978,
6991,6992,6996,6999,7000,7001,7002,7006,7014,7021,
7022,7026,7036,7037,7041,7042,7045,7047,7051,7063,
7064,7068,7075,7088,7089,7091,7093,7099,7104,7110,
7116,7123,7133,7134,7135,7136,7137,7141,7145,7146,
7150,7151,7155,7156,7160,7161,7162,7166,7167,7171,
7175,7188,7200,7201,7205,7206,7210,7211,7215,7216,
7220,7221,7225,7226,7230,7231,7235,7236,7240,7242,
7246,7247,7251,7255,7256,7269,7270,7271,7275,7276,
7280,7286,7300,7301,7305,7306,7310,7311,7319,7318,
7364,7363,7377,7389,7388,7407,7406,7425,7424,7443,
7437,7457,7456,7489,7494,7499,7504,7509,7516,7523,
7528,7536,7537,7538,7539,7543,7544,7556,7557,7561,
7562,7565,7567,7575,7583,7585,7587,7588,7596,7597,
7601,7610,7608,7622,7636,7635,7649,7647,7661,7668,
7679,7680,7708,7715,7719,7724,7723,7739,7741,7746,
7754,7753,7769,7773,7772,7784,7785,7789,7804,7805,
7809,7818,7822,7827,7833,7832,7843,7852,7842,7867,
7876,7885,7894,7903,7909,7915,7924,7933,7961,7982,
7992,7996,8001,8002,8005,8007,8008,8009,8010,8013,
8018,8029,8034,8045,8046,8050,8051,8055,8056,8057,
8061,8062,8067,8075,8076,8077,8078,8083,8082,8111,
8121,8138,8141,8148,8152,8159,8163,8167,8174,8179,
8182,8189,8192,8199,8202,8209,8212,8220,8223,8230,
8234,8241,8245,8252,8253,8278,8279,8280,8285,8290,
8298,8297,8309,8310,8311,8316,8315,8337,8338,8342,
8343,8347,8348,8349,8354,8353,8375,8384,8383,8410,
8411,8415,8416,8420,8421,8422,8423,8424,8425,8430,
8429,8451,8452,8453,8458,8457,8463,8470,8475,8483,
8484,8488,8502,8501,8514,8515,8519,8520,8524,8534,
8544,8545,8550,8549,8560,8561,8565,8566,8570,8580,
8591,8590,8598,8598,8609,8610,8615,8616,8625,8634,
8635,8639,8644,8649,8654,8659,8658,8678,8686,8678,
8693,8694,8695,8696,8697,8701,8708,8715,8717,8728,
8729,8733,8734,8762,8792,8794,8803,8816,8817,8818,
8833,8840,8865,8871,8877,8878,8879,8880,8881,8885,
8886,8891,8942,8949,8992,8998,9004,9010,9016,9022,
9028,9034,9038,9044,9050,9056,9062,9068,9072,9078,
9088,9094,9102,9108,9118,9124,9133,9143,9149,9159,
9165,9174,9178,9184,9190,9196,9202,9208,9214,9220,
9226,9232,9238,9244,9250,9256,9262,9266,9267,9271,
9272,9276,9277,9281,9282,9286,9287,9288,9289,9290,
9291,9295,9296,9300,9301,9302,9303,9304,9305,9317,
9318,9319,9320,9321,9327,9331,9337,9343,9349,9355,
9357,9364,9371,9377,9418,9427,9434,9442,9448,9455,
9461,9475,9482,9498,9504,9510,9518,9524,9530,9536,
9542,9557,9569,9575,9581,9587,9593,9599,9605,9611,
9617,9623,9629,9635,9641,9647,9653,9659,9665,9673,
9694,9701,9707,9714,9721,9728,9735,9741,9747,9752,
9758,9765,9771,9777,9783,9789,9795,9813,9819,9825,
9832,9839,9854,9860,9866,9872,9878,9885,9891,9897,
9903,9909,9915,9923,9936,9942,9948,9954,9960,9968,
9974,9986,9992,9998,10006,10016,10022,10038,10044,10051,
10058,10065,10072,10079,10083,10103,10102,10175,10215,10217,
10222,10223,10227,10228,10232,10233,10237,10244,10252,10278,
10284,10290,10296,10302,10308,10317,10324,10326,10323,10333,
10344,10350,10356,10362,10368,10374,10380,10386,10392,10399,
10398,10418,10417,10432,10443,10451,10467,10468,10473,10478,
10481,10484,10483,10500,10502,10508,10507,10524,10526,10528,
10530,10532,10534,10536,10538,10540,10542,10544,10549,10550,
10554,10561,10569,10570,10574,10581,10589,10590,10594,10595,
10599,10607,10618,10619,10628,10639,10640,10646,10647,10667,
10669,10673,10671,10688,10686,10704,10702,10709,10718,10716,
10734,10733,10743,10754,10752,10771,10770,10781,10792,10793,
10794,10802,10803,10807,10822,10822,10837,10877,10950,10961,
10966,10958,10985,11005,11013,11005,11022,11021,11044,11061,
11044,11068,11072,11098,11099,11104,11107,11108,11109,11113,
11114,11119,11118,11124,11123,11131,11132,11135,11137,11137,
11141,11141,11146,11147,11151,11153,11158,11159,11163,11174,
11187,11188,11189,11190,11191,11192,11193,11194,11195,11196,
11197,11198,11202,11203,11204,11205,11206,11207,11208,11209,
11210,11214,11215,11216,11217,11220,11222,11223,11227,11228,
11236,11238,11242,11244,11243,11257,11260,11259,11274,11280,
11295,11297,11301,11303,11308,11309,11329,11360,11364,11365,
11369,11382,11384,11389,11388,11423,11425,11430,11431,11432,
11437,11443,11447,11448,11452,11459,11466,11473,11483,11510,
11514,11520,11526,11536,11540,11550,11551,11552,11553,11554,
11555,11559,11560,11561,11562,11563,11567,11568,11569,11570,
11571,11575,11576,11577,11578,11582,11587,11588,11591,11594,
11593,11627,11628,11632,11640,11653,11653,11663,11664,11668,
11687,11727,11726,11739,11747,11738,11749,11761,11773,11772,
11790,11789,11800,11801,11800,11817,11824,11845,11866,11878,
11883,11882,11892,11898,11905,11910,11915,11925,11926,11930,
11941,11954,11955,11959,11970,11971,11975,11976,11979,11981,
11984,11985,11986,11990,11991,11999,12007,11998,12017,12024,
12016,12034,12046,12047,12060,12064,12065,12081,12082,12086,
12095,12096,12097,12099,12098,12109,12110,12114,12115,12117,
12116,12120,12119,12125,12126,12130,12131,12135,12145,12146,
12150,12151,12156,12155,12169,12170,12174,12179,12187,12188,
12196,12198,12198,12206,12214,12205,12236,12237,12241,12249,
12250,12254,12264,12265,12272,12271,12287,12286,12300,12299,
12311,12310,12324,12325,12329,12342,12358,12359,12363,12364,
12368,12369,12370,12375,12374,12396,12398,12401,12403,12406,
12407,12410,12414,12418,12422,12426,12430,12434,12438,12442,
12450,12453,12463,12462,12477,12484,12492,12500,12508,12516,
12524,12531,12533,12535,12544,12548,12553,12552,12558,12557,
12562,12571,12578,12583,12585,12587,12589,12591,12599,12610,
12618,12620,12628,12635,12642,12652,12659,12665,12674,12682,
12686,12690,12697,12704,12710,12717,12724,12729,12734,12742,
12744,12746,12751,12752,12755,12757,12761,12762,12766,12767,
12771,12772,12776,12777,12781,12782,12785,12787,12794,12805,
12804,12820,12819,12826,12827,12828,12829,12830,12834,12835,
12840,12844,12850,12856,12878,12879,12880,12895,12894,12907,
12916,12906,12918,12922,12923,12935,12934,12956,12957,12962,
12964,12966,12968,12970,12972,12974,12976,12978,12980,12982,
12984,12986,12991,12992,12997,12996,13006,13007,13011,13011,
13013,13014,13018,13019,13024,13023,13034,13038,13042,13054,
13064,13065,13066,13072,13084,13096,13106,13116,13083,13124,
13125,13129,13130,13134,13135,13147,13151,13152,13153,13156,
13158,13162,13163,13167,13172,13179,13184,13191,13193,13197,
13198,13202,13207,13215,13216,13219,13221,13229,13231,13235,
13236,13237,13241,13243,13248,13249,13258,13259,13263,13264,
13268,13288,13312,13324,13335,13354,13362,13374,13389,13410,
13411,13412,13421,13422,13423,13424,13439,13445,13451,13457,
13463,13494,13527,13537,13547,13553,13562,13574,13580,13586,
13602,13603,13607,13616,13632,13636,13687,13691,13709,13713,
13793,13818,13849,13850,13866,13876,13880,13886,13892,13902,
13908,13917,13927,13928,13958,13971,13987,14003,14020,14021,
14032,14033,14044,14045,14046,14050,14077,14110,14125,14126,
14127,14128,14129,14130,14131,14132,14133,14134,14135,14136,
14137,14138,14139,14140,14141,14142,14143,14144,14145,14146,
14147,14148,14149,14150,14151,14152,14153,14154,14155,14156,
14157,14158,14159,14160,14161,14162,14163,14164,14165,14166,
14167,14168,14169,14170,14171,14172,14173,14174,14184,14185,
14186,14187,14188,14189,14190,14191,14192,14193,14194,14195,
14196,14197,14198,14199,14200,14201,14202,14203,14204,14205,
14206,14207,14208,14209,14210,14211,14212,14213,14214,14215,
14216,14217,14218,14219,14220,14221,14222,14223,14224,14225,
14226,14227,14228,14233,14234,14235,14236,14237,14238,14239,
14240,14241,14242,14243,14244,14245,14246,14247,14248,14249,
14250,14251,14252,14253,14254,14255,14256,14257,14258,14259,
14260,14261,14262,14263,14264,14265,14266,14267,14268,14269,
14270,14271,14272,14273,14274,14275,14276,14277,14278,14279,
14280,14281,14282,14283,14284,14285,14286,14287,14288,14289,
14290,14291,14292,14293,14294,14295,14296,14297,14298,14299,
14300,14301,14302,14303,14304,14305,14306,14307,14308,14309,
14310,14311,14312,14313,14314,14315,14316,14317,14318,14319,
14320,14321,14322,14323,14324,14325,14326,14327,14328,14329,
14330,14331,14332,14333,14334,14335,14336,14337,14338,14339,
14340,14341,14342,14343,14344,14345,14346,14347,14348,14349,
14350,14351,14352,14353,14354,14355,14356,14357,14358,14359,
14360,14361,14362,14363,14364,14365,14366,14367,14368,14369,
14370,14371,14372,14373,14374,14375,14376,14377,14378,14379,
14380,14381,14382,14383,14384,14385,14386,14387,14388,14389,
14390,14391,14392,14393,14394,14395,14396,14397,14398,14399,
14400,14401,14402,14403,14404,14405,14406,14407,14408,14409,
14410,14411,14412,14413,14414,14415,14416,14417,14418,14419,
14420,14421,14422,14423,14424,14425,14426,14427,14428,14429,
14430,14431,14432,14433,14434,14435,14436,14437,14438,14439,
14440,14441,14442,14443,14444,14445,14446,14447,14448,14449,
14450,14451,14452,14453,14454,14455,14456,14457,14458,14459,
14460,14461,14462,14463,14464,14465,14466,14467,14468,14469,
14470,14471,14472,14473,14474,14475,14476,14477,14478,14479,
14480,14481,14482,14483,14484,14485,14486,14487,14488,14500,
14499,14519,14518,14525,14524,14534,14533,14544,14543,14549,
14557,14559,14564,14564,14573,14572,14586,14585,14590,14594,
14595,14596,14600,14601,14602,14603,14607,14608,14609,14610,
14615,14641,14640,14740,14751,14764,14780,14793,14815,14850,
14892,14920,14966,14980,14981,14982,14983,14987,15005,15023,
15024,15028,15029,15030,15031,15035,15036,15054,15068,15069,
15070,15076,15082,15094,15093,15109,15110,15114,15115,15119,
15132,15133,15134,15139,15144,15143,15163,15179,15196,15195,
15234,15235,15239,15240,15244,15245,15246,15247,15249,15248,
15262,15263,15264,15265,15266,15272,15272,15277,15282,15292,
15302,15306,15315,15315,15320,15326,15337,15348,15356,15358,
15362,15369,15376,15378,15382,15383,15388,15387,15391,15390,
15394,15393,15397,15396,15399,15400,15401,15402,15403,15404,
15405,15406,15407,15408,15409,15410,15411,15412,15413,15414,
15415,15416,15417,15418,15419,15420,15421,15422,15423,15424,
15428,15429,15433,15434,15438,15448,15458,15471,15486,15499,
15512,15524,15529,15537,15542,15550,15568,15588,15600,15613,
15622,15626,15630,15631,15635,15662,15664,15668,15672,15676,
15683,15684,15688,15689,15693,15694,15698,15699,15705,15711,
15717,15727,15726,15736,15737,15742,15743,15744,15749,15750,
15751,15755,15756,15760,15772,15781,15791,15800,15814,15815,
15820,15819,15835,15836,15837,15841,15842,15846,15846,15870,
15871,15875,15876,15877,15881,15885,15892,15895,15893,15909,
15916,15937,15961,15963,15967,15968,15972,15973,15981,15982,
15983,15984,15990,15996,16006,16008,16010,16015,16016,16017,
16018,16019,16023,16024,16025,16026,16027,16028,16038,16039,
16044,16057,16070,16072,16074,16079,16084,16086,16088,16094,
16095,16097,16103,16102,16120,16121,16125,16130,16138,16138,
16164,16163,16180,16184,16189,16194,16193,16205,16206,16208,
16210,16228,16234,16239,16221,16302,16320,16345,16377,16382,
16390,16413,16341,16479,16499,16512,16522,16478,16543,16547,
16551,16555,16559,16563,16570,16577,16584,16594,16595,16599,
16600,16601,16605,16606,16611,16613,16612,16618,16619,16623,
16633