0,640,641,642,641,641,643,643,644,644,
645,645,645,645,645,645,645,645,645,645,
645,645,645,645,645,645,645,645,645,645,
645,645,645,645,645,645,645,645,645,645,
645,645,645,645,645,645,645,645,645,645,
645,645,645,645,645,645,645,645,645,645,
645,645,646,647,647,648,649,649,651,650,
652,652,653,653,654,656,655,658,657,659,
659,660,660,660,660,660,660,660,660,660,
660,660,660,660,660,660,660,660,660,660,
660,660,661,661,661,662,663,663,663,663,
665,664,666,667,664,668,669,664,670,671,
664,672,664,673,664,664,664,664,664,674,
675,675,676,676,676,676,676,676,676,678,
677,680,679,679,681,681,681,681,682,682,
683,683,684,684,685,685,686,686,688,687,
689,689,689,689,689,689,689,689,689,689,
689,689,689,690,691,691,692,692,693,693,
694,694,694,694,694,694,694,695,695,695,
696,696,698,697,699,699,700,700,701,701,
702,702,703,703,704,705,706,706,707,707,
708,709,709,709,709,710,710,711,711,712,
712,714,713,713,715,713,716,713,717,717,
718,718,719,720,720,721,722,722,723,723,
723,723,723,724,725,725,726,726,727,727,
728,728,729,729,729,730,730,730,730,730,
730,730,730,730,730,730,730,731,732,733,
733,734,734,735,735,736,737,737,738,738,
739,740,740,741,742,742,742,742,742,742,
742,742,742,742,742,742,742,743,743,744,
745,744,746,746,746,746,746,746,746,746,
746,746,746,746,746,748,747,750,749,752,
751,754,753,755,756,757,759,758,760,761,
761,761,762,762,764,765,766,763,767,767,
767,768,768,770,771,769,773,772,774,774,
775,775,777,778,776,780,781,779,782,782,
784,783,785,785,787,786,789,788,791,790,
792,793,794,792,795,796,792,797,797,798,
798,798,799,800,801,802,802,803,803,804,
805,806,806,808,807,809,809,809,810,810,
810,811,811,812,812,812,813,813,813,813,
813,813,813,813,814,814,815,815,815,816,
816,816,816,816,817,817,818,818,818,819,
819,819,819,819,819,819,820,820,821,821,
821,822,822,822,823,824,825,826,827,828,
828,828,829,830,831,832,833,834,835,836,
837,838,838,839,839,840,840,840,840,841,
842,841,843,844,843,845,843,846,847,847,
849,848,850,852,851,853,854,855,854,854,
854,854,854,856,856,857,857,858,858,859,
859,860,861,862,863,864,864,865,866,865,
867,865,868,868,869,870,871,871,872,872,
873,873,875,874,876,877,878,877,879,877,
880,880,881,881,882,882,884,885,883,886,
886,887,887,888,888,889,889,891,890,892,
893,893,894,894,895,895,895,895,895,895,
895,895,897,898,896,899,899,900,900,901,
901,902,902,903,903,904,904,905,906,906,
907,907,908,908,909,909,909,910,910,910,
910,910,910,910,910,910,910,910,910,910,
910,910,910,910,910,910,911,910,910,910,
910,910,910,910,910,910,910,910,912,913,
914,915,916,916,916,916,916,916,917,917,
917,918,918,919,919,919,919,920,921,921,
922,922,923,923,924,924,924,924,924,924,
925,925,926,927,927,928,930,929,931,931,
931,931,931,931,931,931,931,931,931,931,
931,931,931,931,931,931,931,931,931,931,
931,931,931,931,931,931,931,931,931,931,
931,931,931,932,931,933,931,931,931,934,
934,934,934,934,934,934,934,935,936,936,
937,937,938,938,938,938,938,939,939,939,
939,939,940,940,940,941,941,941,942,943,
943,944,944,944,945,945,946,946,947,947,
947,948,948,948,948,949,949,950,950,951,
951,952,952,953,953,953,953,953,953,953,
953,953,953,953,953,953,953,953,953,953,
954,955,956,956,957,957,958,958,959,959,
960,960,961,961,962,962,963,964,964,965,
965,966,966,967,967,967,968,968,968,969,
969,969,969,969,969,969,970,970,972,971,
973,973,974,975,975,975,975,976,977,978,
978,979,980,980,981,981,982,982,983,984,
984,985,985,986,986,986,986,987,987,987,
987,987,988,988,988,988,988,989,990,990,
991,991,992,992,993,993,993,994,994,995,
996,997,998,998,999,999,1000,1000,1001,1001,
1002,1002,1003,1003,1004,1004,1005,1005,1006,1006,
1007,1007,1008,1009,1009,1010,1010,1010,1011,1011,
1012,1012,1013,1013,1014,1014,1015,1015,1017,1016,
1018,1016,1016,1019,1016,1020,1016,1021,1016,1022,
1016,1023,1016,1016,1016,1016,1016,1016,1016,1024,
1024,1025,1025,1025,1025,1026,1026,1027,1027,1028,
1028,1029,1029,1029,1029,1029,1029,1029,1029,1029,
1029,1030,1029,1029,1031,1029,1032,1029,1029,1029,
1029,1029,1033,1034,1034,1036,1035,1037,1037,1037,
1039,1038,1040,1041,1040,1042,1042,1043,1044,1044,
1045,1046,1046,1046,1047,1046,1048,1049,1046,1046,
1046,1046,1046,1046,1046,1046,1046,1046,1046,1046,
1046,1046,1046,1046,1050,1050,1050,1050,1050,1051,
1051,1052,1052,1053,1053,1054,1054,1055,1055,1055,
1056,1056,1056,1057,1057,1057,1057,1059,1058,1058,
1060,1061,1061,1062,1062,1063,1063,1063,1064,1065,
1065,1066,1066,1067,1067,1068,1068,1069,1069,1070,
1070,1071,1071,1072,1072,1073,1073,1073,1073,1073,
1075,1074,1076,1076,1076,1078,1077,1079,1079,1080,
1080,1081,1081,1081,1083,1082,1084,1086,1085,1087,
1087,1088,1088,1089,1089,1089,1089,1089,1089,1091,
1090,1092,1092,1092,1094,1093,1093,1095,1095,1096,
1096,1097,1099,1098,1100,1100,1101,1101,1102,1103,
1104,1104,1106,1105,1107,1107,1108,1108,1109,1110,
1112,1111,1114,1113,1115,1115,1116,1116,1117,1118,
1118,1119,1119,1120,1120,1122,1121,1124,1125,1123,
1126,1126,1126,1126,1126,1127,1127,1128,1128,1129,
1129,1130,1130,1130,1131,1131,1131,1132,1132,1132,
1133,1133,1134,1135,1136,1136,1136,1136,1136,1137,
1137,1138,1138,1138,1138,1138,1138,1138,1138,1138,
1138,1138,1139,1139,1139,1139,1139,1139,1140,1140,
1140,1140,1140,1140,1140,1140,1140,1140,1140,1140,
1140,1140,1141,1141,1141,1141,1141,1141,1141,1141,
1141,1141,1141,1141,1141,1141,1141,1142,1142,1143,
1143,1144,1144,1145,1145,1146,1146,1146,1146,1146,
1146,1147,1147,1148,1148,1148,1148,1148,1148,1148,
1148,1148,1148,1148,1148,1148,1148,1148,1148,1148,
1148,1148,1148,1148,1148,1148,1148,1148,1148,1148,
1148,1148,1148,1149,1149,1149,1149,1149,1149,1149,
1149,1149,1149,1149,1149,1149,1149,1149,1149,1149,
1149,1149,1149,1149,1149,1149,1149,1149,1149,1149,
1150,1150,1150,1150,1150,1150,1150,1150,1150,1150,
1150,1150,1150,1150,1150,1150,1150,1150,1150,1150,
1150,1150,1151,1151,1151,1151,1151,1151,1151,1151,
1151,1151,1151,1151,1151,1151,1151,1151,1151,1151,
1151,1151,1151,1151,1151,1151,1151,1152,1152,1152,
1152,1152,1152,1152,1152,1154,1153,1153,1155,1155,
1156,1156,1157,1157,1158,1158,1159,1159,1160,1161,
1161,1161,1161,1161,1161,1161,1162,1163,1161,1161,
1161,1161,1161,1161,1161,1161,1161,1161,1161,1164,
1161,1166,1165,1167,1167,1167,1168,1168,1169,1169,
1170,1171,1170,1172,1172,1174,1173,1175,1175,1175,
1175,1175,1175,1175,1175,1175,1175,1175,1176,1176,
1177,1177,1178,1178,1179,1179,1180,1180,1181,1181,
1182,1182,1183,1183,1184,1185,1185,1186,1186,1187,
1187,1188,1187,1189,1187,1190,1187,1187,1191,1187,
1192,1187,1187,1193,1187,1194,1187,1187,1195,1195,
1195,1196,1196,1197,1199,1198,1198,1198,1200,1201,
1202,1200,1203,1205,1206,1204,1208,1207,1210,1211,
1209,1212,1213,1214,1214,1215,1215,1215,1215,1216,
1216,1218,1217,1219,1217,1220,1220,1221,1222,1221,
1224,1223,1225,1225,1226,1226,1227,1227,1228,1228,
1229,1229,1229,1229,1229,1229,1229,1229,1229,1229,
1229,1229,1230,1230,1230,1230,1230,1230,1230,1230,
1230,1231,1231,1231,1231,1232,1232,1232,1233,1233,
1234,1234,1235,1236,1235,1237,1238,1237,1239,1239,
1240,1240,1241,1241,1242,1242,1242,1243,1244,1244,
1245,1246,1246,1248,1247,1249,1249,1250,1250,1250,
1251,1251,1252,1252,1253,1254,1254,1254,1255,1255,
1255,1255,1255,1256,1256,1257,1257,1257,1257,1257,
1257,1258,1258,1258,1258,1258,1259,1259,1259,1259,
1259,1260,1260,1260,1260,1261,1262,1262,1263,1264,
1263,1265,1265,1265,1266,1268,1267,1269,1269,1270,
1270,1272,1271,1274,1275,1273,1273,1273,1277,1276,
1279,1278,1280,1281,1278,1278,1278,1278,1278,1278,
1282,1278,1278,1278,1278,1278,1278,1283,1283,1284,
1285,1286,1286,1287,1288,1288,1289,1289,1290,1290,
1291,1291,1291,1292,1292,1294,1295,1293,1297,1298,
1296,1299,1299,1299,1299,1300,1300,1301,1301,1302,
1303,1303,1303,1304,1303,1305,1305,1306,1306,1307,
1306,1308,1306,1309,1309,1310,1310,1311,1312,1312,
1313,1313,1315,1314,1316,1316,1317,1317,1318,1318,
1319,1320,1319,1322,1323,1321,1324,1324,1325,1326,
1326,1327,1328,1328,1330,1329,1332,1331,1333,1331,
1334,1331,1335,1335,1336,1336,1337,1337,1338,1338,
1339,1339,1339,1341,1340,1342,1342,1343,1343,1344,
1344,1345,1345,1345,1345,1345,1345,1345,1345,1345,
1346,1346,1348,1347,1349,1349,1349,1349,1349,1349,
1349,1349,1349,1349,1349,1349,1350,1349,1351,1349,
1349,1349,1349,1349,1349,1349,1349,1349,1349,1349,
1349,1349,1349,1349,1349,1349,1349,1349,1349,1349,
1349,1349,1349,1349,1349,1349,1349,1349,1349,1352,
1352,1352,1353,1353,1354,1354,1355,1355,1356,1356,
1357,1357,1358,1358,1359,1359,1360,1360,1360,1362,
1361,1363,1361,1364,1364,1364,1364,1364,1365,1365,
1366,1366,1366,1366,1367,1367,1367,1369,1368,1371,
1372,1370,1370,1373,1373,1374,1373,1375,1375,1376,
1376,1376,1376,1376,1376,1376,1376,1376,1376,1376,
1376,1376,1377,1377,1379,1378,1380,1380,1382,1381,
1381,1381,1383,1383,1385,1384,1386,1387,1387,1388,
1389,1389,1389,1390,1392,1393,1394,1395,1391,1396,
1396,1397,1397,1398,1398,1398,1399,1399,1399,1400,
1400,1401,1401,1402,1402,1402,1402,1403,1403,1404,
1404,1405,1405,1406,1406,1407,1407,1408,1408,1409,
1409,1409,1410,1410,1411,1411,1412,1412,1413,1413,
1414,1415,1415,1415,1415,1416,1416,1416,1417,1418,
1418,1418,1419,1419,1419,1419,1419,1419,1419,1419,
1419,1419,1420,1420,1420,1420,1420,1421,1421,1421,
1422,1422,1423,1423,1424,1425,1425,1426,1426,1427,
1427,1427,1428,1428,1428,1428,1429,1429,1429,1430,
1430,1431,1432,1432,1433,1434,1435,1436,1437,1437,
1438,1438,1439,1439,1439,1440,1440,1440,1441,1441,
1441,1441,1441,1441,1441,1441,1441,1441,1441,1441,
1441,1441,1441,1441,1441,1441,1441,1441,1441,1441,
1441,1441,1441,1441,1441,1441,1441,1441,1441,1441,
1441,1441,1441,1441,1441,1441,1441,1441,1441,1441,
1441,1441,1441,1441,1441,1441,1441,1441,1442,1442,
1442,1442,1442,1442,1442,1442,1442,1442,1442,1442,
1442,1442,1442,1442,1442,1442,1442,1442,1442,1442,
1442,1442,1442,1442,1442,1442,1442,1442,1442,1442,
1442,1442,1442,1442,1442,1442,1442,1442,1442,1442,
1442,1442,1442,1442,1442,1442,1442,1442,1442,1442,
1442,1442,1442,1442,1442,1442,1442,1442,1442,1442,
1442,1442,1442,1442,1442,1442,1442,1442,1442,1442,
1442,1442,1442,1442,1442,1442,1442,1442,1442,1442,
1442,1442,1442,1442,1442,1442,1442,1442,1442,1442,
1442,1442,1442,1442,1442,1442,1442,1442,1442,1442,
1442,1442,1442,1442,1442,1442,1442,1442,1442,1442,
1442,1442,1442,1442,1442,1442,1442,1442,1442,1442,
1442,1442,1442,1442,1442,1442,1442,1442,1442,1442,
1442,1442,1442,1442,1442,1442,1442,1442,1442,1442,
1442,1442,1442,1442,1442,1442,1442,1442,1442,1442,
1442,1442,1442,1442,1442,1442,1442,1442,1442,1442,
1442,1442,1442,1442,1442,1442,1442,1442,1442,1442,
1442,1442,1442,1442,1442,1442,1442,1442,1442,1442,
1442,1442,1442,1442,1442,1442,1442,1442,1442,1442,
1442,1442,1442,1442,1442,1442,1442,1442,1442,1442,
1442,1442,1442,1442,1442,1442,1442,1442,1442,1442,
1442,1442,1442,1442,1442,1442,1442,1442,1442,1442,
1442,1442,1442,1442,1442,1442,1442,1442,1442,1442,
1442,1442,1442,1442,1442,1442,1442,1442,1442,1442,
1442,1442,1442,1442,1442,1442,1442,1442,1442,1442,
1442,1442,1442,1442,1442,1442,1442,1442,1442,1442,
1442,1442,1442,1442,1442,1442,1442,1442,1442,1442,
1442,1442,1442,1442,1442,1442,1442,1442,1442,1442,
1442,1442,1442,1442,1442,1442,1442,1442,1442,1442,
1442,1442,1442,1442,1442,1442,1442,1442,1442,1444,
1443,1446,1445,1447,1445,1448,1445,1450,1449,1449,
1451,1451,1453,1452,1454,1452,1456,1455,1455,1457,
1457,1457,1458,1458,1458,1458,1459,1459,1459,1459,
1460,1462,1461,1461,1461,1461,1461,1461,1461,1461,
1463,1463,1463,1464,1464,1464,1464,1465,1466,1467,
1467,1468,1468,1468,1468,1469,1469,1469,1470,1470,
1470,1470,1470,1472,1471,1473,1473,1474,1474,1475,
1476,1476,1476,1476,1478,1477,1479,1479,1480,1479,
1481,1481,1482,1482,1483,1483,1483,1483,1484,1483,
1485,1485,1485,1485,1485,1487,1486,1488,1488,1488,
1488,1488,1490,1489,1491,1491,1491,1491,1492,1492,
1493,1493,1494,1494,1495,1495,1497,1496,1498,1496,
1499,1496,1500,1496,1496,1496,1496,1496,1496,1496,
1496,1496,1496,1496,1496,1496,1496,1496,1496,1496,
1496,1496,1496,1496,1496,1496,1496,1496,1496,1496,
1501,1501,1502,1502,1503,1503,1503,1504,1504,1504,
1504,1505,1505,1506,1506,1507,1507,1507,1507,1507,
1508,1508,1509,1509,1510,1511,1511,1511,1511,1511,
1512,1512,1513,1513,1514,1514,1515,1515,1515,1515,
1515,1517,1516,1518,1518,1519,1519,1519,1520,1520,
1520,1521,1521,1522,1523,1523,1524,1525,1526,1526,
1528,1527,1529,1529,1529,1530,1530,1532,1531,1533,
1533,1534,1534,1534,1535,1535,1536,1537,1536,1538,
1539,1540,1541,1541,1542,1542,1543,1543,1543,1543,
1543,1543,1543,1543,1544,1544,1544,1545,1545,1545,
1545,1545,1546,1546,1546,1546,1546,1546,1547,1547,
1548,1549,1550,1550,1550,1551,1552,1552,1552,1553,
1553,1553,1555,1554,1556,1556,1557,1557,1559,1558,
1561,1560,1560,1562,1562,1564,1563,1565,1565,1565,
1565,1567,1568,1569,1566,1570,1570,1572,1573,1574,
1575,1576,1571,1578,1579,1580,1581,1577,1582,1582,
1582,1582,1582,1582,1583,1583,1583,1584,1584,1585,
1585,1585,1586,1586,1587,1588,1587,1589,1589,1590,
1591