0,13,15,30,34,48,49,56,60,61,
76,94,116,125,126,127,138,139,151,165,
183,198,200,205,208,231,233,251,268,272,
368,385,398,409,431,434,436,439,442,443,
452,454,462,468,476,481,483,513,520,563,
575,579,582,587,615,630,641,644,645,646,
647,648,650,655,657,664,697,724,731,732,
851,1016,1058,1060,1074,1077,1082,1084,1085,1090,
1093,1098,1105,1117,1118,1276,1278,1293,1296,1321,
1329,1340,1347,1361,1365,1368,1378,1384,1388,1390,
1391,1443,1471,1477,1479,1486,1489,1516,1522,1523,
1524,1525,1582,1590,1591,11,103,122,192,221,
273,403,474,537,585,1054,1547,1548,1549,1552,
269,356,1092,1517,545,1434,225,5,7,8,
9,10,11,14,18,21,23,24,25,26,
27,28,30,34,38,41,42,43,45,47,
48,51,54,55,57,58,60,62,63,64,
65,66,67,69,70,72,73,74,75,76,
77,78,79,80,82,83,85,86,87,88,
89,93,96,98,101,105,106,107,110,115,
116,121,122,124,128,130,131,132,133,134,
138,141,142,143,147,149,150,152,153,154,
157,158,160,161,162,163,164,165,168,169,
170,171,172,175,176,178,179,180,183,187,
188,190,192,194,195,196,197,199,201,205,
206,208,211,212,216,217,218,219,222,223,
224,227,232,233,237,241,242,244,245,249,
252,253,256,259,260,266,267,269,271,273,
274,282,284,285,286,287,288,289,290,291,
292,293,294,295,296,297,298,299,300,302,
303,304,306,307,308,309,311,312,317,318,
319,320,321,322,325,326,328,330,332,333,
334,335,336,337,338,339,340,343,344,347,
348,349,350,354,355,359,361,362,363,365,
366,367,369,379,380,381,383,384,386,387,
388,389,390,391,392,393,394,395,398,399,
400,402,404,405,406,407,408,410,411,412,
415,419,420,421,422,423,426,427,428,429,
430,432,433,435,436,437,440,442,444,445,
447,448,449,451,454,455,456,457,458,459,
460,461,462,463,464,466,467,471,472,473,
474,478,482,484,485,486,487,489,490,491,
492,493,499,500,501,503,504,506,509,512,
513,514,515,516,517,520,521,523,524,525,
526,527,528,531,532,533,534,536,537,540,
541,542,543,546,547,549,550,551,552,558,
559,563,564,565,566,568,569,571,572,574,
575,578,581,583,585,586,593,596,600,601,
602,603,604,611,612,614,615,616,619,691,
1432,1437,1441,1442,302,536,539,1473,1473,611,
1518,103,191,273,474,494,537,542,577,585,
673,674,903,904,905,994,995,996,1330,1277,
103,162,192,225,273,403,474,537,542,560,
585,600,1289,1437,1092,98,733,690,638,1429,
1431,1437,656,1294,391,82,411,1389,106,225,
616,1396,1473,1092,852,1437,1385,462,585,1473,
1092,1297,1379,497,721,725,726,1437,690,1518,
1437,1121,1123,1124,1444,1348,725,486,558,486,
539,1342,391,1478,1322,1437,30,76,149,398,
420,454,513,1584,468,630,1119,0,151,642,
398,171,187,386,1366,1429,1437,155,1028,1437,
155,691,202,691,261,1434,1437,1439,799,800,
803,826,1437,690,539,162,1022,1547,1473,1518,
1099,698,638,556,1075,1086,17,1519,220,906,
202,1439,801,826,690,375,1544,1548,1549,1550,
1551,1552,539,904,225,225,225,221,280,412,
1338,1339,7,21,27,33,35,36,37,39,
52,53,58,59,66,69,88,91,92,97,
99,102,103,108,109,110,115,117,120,166,
173,174,181,187,195,197,203,209,216,220,
231,234,258,266,277,305,310,321,325,327,
331,332,333,334,335,342,351,352,353,357,
358,363,382,388,393,394,396,410,438,439,
451,453,459,460,466,518,519,525,529,530,
535,545,549,550,551,552,561,562,563,567,
570,585,589,590,591,592,597,599,603,604,
619,623,624,629,630,633,634,637,638,955,
1138,1139,1140,1141,1145,1148,1149,1150,1151,1152,
1153,1161,1165,1177,1415,1417,1419,1420,1421,1425,
1427,1432,1437,220,1288,1288,1288,1437,202,1288,
1288,826,1288,690,1288,1473,651,1369,130,1490,
1437,367,65,416,638,1439,123,210,280,1299,
1437,1138,235,1392,1472,1473,46,853,189,33,
302,1353,1386,1437,690,1094,1473,123,280,1300,
1328,302,411,486,1380,1381,593,722,476,727,
1487,556,1519,1122,12,135,210,502,503,504,
505,506,507,522,1128,1129,1130,1543,58,59,
120,199,269,338,388,473,558,637,957,1437,
1445,1457,1461,1463,34,58,69,92,94,104,
153,158,161,190,192,199,201,224,225,248,
269,302,367,392,402,403,406,407,427,473,
486,521,539,602,957,993,1349,1353,1354,1356,
1458,727,430,509,1069,1070,1071,416,608,1061,
1062,1063,1069,1341,1437,1473,1328,35,209,545,
1416,1435,1583,1583,1583,1583,1583,1123,1119,631,
636,1437,155,1363,1362,319,543,569,1018,583,
99,1439,1440,1020,805,827,1437,1019,369,6,
56,139,352,415,417,828,1024,1440,1429,691,
508,1553,1554,1021,1083,1100,1101,1102,1103,1429,
630,699,1437,658,1283,1284,1429,1283,55,354,
354,431,1520,351,352,1144,1437,804,827,185,
6,1440,1506,1507,439,10,403,560,677,1134,
1546,1554,1566,1570,1571,1577,677,1134,1545,1554,
1566,1571,1577,1547,1552,906,1437,1437,1437,189,
1331,1335,1336,1437,1338,630,630,630,1148,630,
630,630,1138,1180,630,630,630,630,630,630,
630,630,630,1137,1137,630,944,630,630,630,
545,630,630,630,630,630,630,630,630,630,
630,630,630,630,1138,630,630,630,1178,1179,
1425,1437,630,630,630,630,630,630,630,630,
630,1138,944,630,630,630,630,630,630,630,
630,630,630,630,630,630,630,630,630,630,
630,944,545,630,630,630,545,630,630,630,
35,209,545,630,1137,944,944,630,630,630,
630,630,630,1148,1148,1148,1138,1538,1539,1437,
1166,1437,16,17,372,375,617,1142,1143,155,
156,193,204,243,254,281,345,1146,31,136,
238,262,331,425,479,480,492,621,622,623,
624,625,626,627,628,1144,1148,68,374,632,
1435,630,638,166,1437,691,1437,364,827,691,
1439,355,601,837,838,1290,1291,1292,1354,691,
1440,1505,1282,1288,588,652,33,128,153,157,
194,212,274,402,411,426,444,487,517,1370,
1375,1376,1473,81,637,734,735,736,737,1437,
12,13,94,125,139,162,165,178,200,225,
231,272,404,408,424,432,440,468,481,482,
531,560,582,584,1491,1493,1495,1496,19,155,
1232,1233,1480,1437,1054,491,48,80,280,1398,
1429,1474,1475,1091,264,267,413,854,856,637,
649,1434,274,1095,1440,1096,1097,1429,1078,235,
1285,1301,1302,1429,48,1382,632,1435,54,63,
73,85,86,87,101,320,337,464,524,541,
728,730,12,408,1488,1493,462,1521,1520,576,
1526,1527,625,1132,1133,1134,1130,476,638,33,
120,155,477,958,959,1312,1439,186,1312,1447,
637,1439,33,120,961,962,1439,638,1448,1446,
1312,161,262,606,1360,630,103,162,192,403,
539,560,600,1360,12,915,1439,263,1251,1253,
189,238,1355,1357,67,517,186,517,536,67,
517,12,41,89,93,242,318,381,493,533,
1343,1344,1345,161,212,517,517,1251,1360,1357,
274,152,70,405,536,559,517,596,1059,632,
366,613,83,632,1284,1054,632,365,1586,532,
1587,247,447,1585,631,1527,1529,1531,1532,151,
643,1439,1117,1293,1296,1321,1329,1364,1367,1416,
1437,120,901,902,912,913,966,106,1137,637,
692,6,806,692,630,105,823,823,823,4,
632,388,1017,1023,467,600,1554,1283,238,632,
385,1111,1113,1114,700,701,1138,222,282,283,
284,285,286,287,288,289,290,291,293,294,
295,296,297,298,299,300,301,303,304,428,
429,659,660,663,171,412,632,1076,57,171,
175,186,317,412,1087,1088,1089,55,431,166,
672,806,106,823,218,632,1134,1134,1134,162,
192,192,1554,1429,997,998,997,997,1286,1287,
1429,1430,1437,632,1333,638,1337,1138,1138,12,
135,1173,1234,1173,1173,1173,605,1182,1138,1138,
1177,1177,1138,1138,1138,135,1173,1234,631,358,
631,631,1138,1138,1138,1138,1425,1538,111,112,
113,114,115,213,214,215,216,321,323,324,
325,332,410,465,466,603,618,619,1229,1230,
1138,1177,107,110,549,552,1231,135,1168,1138,
1138,1138,1138,1229,1138,1177,1179,9,632,638,
135,1173,1138,1138,135,1173,1138,1138,1177,1177,
1177,1138,1138,1138,1177,1141,1138,1138,1138,1138,
1138,1138,631,1138,1173,1173,1138,1138,135,1173,
1138,1230,1230,1138,44,255,557,1138,1138,631,
1426,1427,1437,1173,1173,1138,1138,1138,631,632,
631,468,630,1535,1536,1138,637,1167,1439,638,
1138,1138,1138,1140,174,357,562,578,1144,12,
18,1140,1147,1141,1141,630,1148,1141,1141,1141,
1141,262,1141,1141,234,1141,234,1141,1141,1141,
1141,1141,31,238,262,425,1439,1148,1138,1154,
1437,638,1429,1290,632,1292,153,632,1283,1279,
637,653,654,274,274,274,274,48,274,274,
632,1371,110,549,552,729,739,1165,1419,1425,
1439,632,155,402,1494,456,456,537,542,585,
600,370,1498,536,364,1500,64,486,1497,104,
600,1499,364,632,1437,179,348,1437,1481,1482,
1301,1434,1106,269,1397,1233,632,1283,70,630,
861,862,861,862,386,864,206,250,1439,29,
556,1387,632,556,632,556,1283,1302,1298,385,
1196,1197,12,1383,1381,632,155,1494,364,364,
1437,12,135,1534,632,1125,1138,1423,1437,1437,
68,964,1138,1440,363,388,545,1469,244,416,
1464,1465,1466,1467,199,269,473,1459,1312,1437,
558,1449,1460,1463,632,1451,1462,238,1358,1434,
1138,625,906,691,691,691,1429,691,1429,274,
336,517,1352,1352,277,358,567,1254,1255,1417,
1437,1360,1437,691,1360,1440,1355,691,1360,241,
534,176,186,1346,632,1358,1355,1429,1357,1355,
1355,1360,1360,581,1072,1071,489,1063,468,630,
634,1183,1184,1185,1186,1187,1198,1199,1213,1416,
389,1588,373,1247,1253,1533,902,68,957,131,
1439,74,88,252,329,354,414,508,694,696,
421,571,824,825,227,820,821,822,829,837,
838,103,211,379,388,395,490,585,675,676,
1434,24,309,814,815,816,829,830,831,837,
838,807,808,814,1440,169,6,11,13,15,
25,26,56,60,61,66,74,82,91,106,
124,132,133,139,147,153,164,184,223,225,
232,249,272,308,326,330,368,373,380,385,
388,419,433,434,435,436,458,514,515,516,
521,537,540,563,576,848,908,910,912,913,
1029,1033,1035,1038,1044,1045,1046,1051,1052,1243,
364,685,1025,122,237,1429,120,1104,1437,1102,
1429,850,1113,225,250,991,1115,631,632,155,
155,155,155,155,155,155,155,155,155,155,
155,155,155,155,155,155,155,155,155,155,
155,155,155,632,1284,583,1088,900,901,74,
349,422,572,817,818,819,829,833,834,835,
836,837,838,612,587,802,46,608,1507,192,
691,691,906,691,1437,665,565,588,1005,364,
364,364,632,1334,1196,638,1337,1336,189,625,
1437,632,631,1173,631,1174,631,631,631,1138,
145,605,1181,19,631,588,631,631,631,632,
588,632,1162,631,625,631,632,632,631,631,
631,631,189,632,631,632,1164,631,632,632,
632,624,632,631,631,630,1425,1437,1173,631,
631,631,1173,631,632,631,631,631,631,631,
631,632,631,238,631,632,632,631,632,632,
631,631,631,632,189,632,1173,631,631,632,
632,632,631,189,1138,189,1138,189,1138,189,
631,632,631,631,631,631,632,19,260,632,
981,631,1177,1203,1204,1205,468,630,1120,1530,
1531,576,1540,635,1459,477,1437,174,357,562,
578,630,17,1138,1538,160,1239,1141,1138,1138,
1141,630,1148,1141,1134,1158,1159,1160,630,638,
1437,1280,1292,1312,1313,1440,50,446,1055,1283,
1439,632,1376,1283,1377,737,740,741,736,359,
460,738,536,630,1508,1440,1508,1508,1508,192,
403,539,1492,1496,155,179,193,204,253,254,
281,348,400,1483,1485,606,1235,1295,1107,1108,
1109,1110,1429,226,280,416,613,1476,1475,630,
1134,117,181,209,277,358,567,1258,1261,1262,
528,865,855,11,857,1138,1434,1440,1440,1097,
1429,171,412,586,1079,1080,1081,468,476,592,
593,630,896,1303,1306,630,730,729,632,1440,
192,403,1492,1528,1133,189,235,1126,1127,1246,
1247,1271,1135,1135,638,120,963,965,1439,1312,
630,630,260,366,613,632,632,638,638,638,
1463,1138,1464,1450,1312,1452,1453,12,33,120,
364,1138,1470,1434,189,1359,631,1437,362,632,
1360,411,1251,1345,1359,1360,1355,1429,1360,1360,
499,500,501,663,1073,585,1064,1065,1212,1437,
95,228,247,258,341,453,522,1195,476,632,
1429,1212,632,186,1589,46,1251,1313,1313,339,
1434,508,508,508,508,508,467,1434,1434,1313,
632,822,1434,1434,1434,1434,117,181,209,277,
358,567,1257,1434,1434,631,632,1313,1313,632,
816,809,810,829,830,831,388,71,84,385,
924,927,928,989,991,995,996,1053,1313,1053,
385,1313,1313,1053,1313,385,385,1313,1313,556,
131,1313,248,537,185,385,401,991,1053,248,
1313,385,537,131,1313,1313,1313,1313,1313,1053,
385,46,1313,850,1313,385,387,19,155,556,
1057,385,385,1313,1313,1313,1313,134,318,1437,
1313,385,1313,908,632,847,848,1033,630,638,
923,929,1428,1437,78,463,434,1026,1555,1112,
630,1138,630,1257,1433,1434,1257,1257,1433,1433,
117,181,277,358,567,1259,1433,1257,1257,1433,
1433,1433,1433,1433,1433,1433,1257,1257,1433,1420,
1433,1257,660,1313,1313,1313,1313,632,819,1439,
273,172,811,812,813,829,830,831,832,835,
836,837,838,388,545,1439,1437,1578,8,29,
797,691,630,449,262,630,840,907,909,910,
45,206,461,1010,1010,1429,1429,1429,1287,1437,
588,1332,1437,1184,638,1337,234,1138,631,1138,
548,1138,1138,149,33,59,107,110,118,343,
484,552,580,1175,958,1138,958,1175,1177,631,
234,234,1138,1138,1138,1177,1138,1138,1138,1138,
1138,1141,631,631,1138,1138,1138,1138,1138,1138,
1177,234,1138,1138,1138,631,1138,1138,1138,1138,
189,1138,189,1138,189,1138,1138,1138,33,59,
976,977,978,979,980,1258,1257,631,631,1541,
1542,1543,1204,1120,631,1534,1439,1138,1538,1140,
631,632,631,1148,1229,1229,17,1138,1538,1239,
1138,631,632,1176,1177,1437,1281,914,1439,1055,
654,1372,155,632,1437,1509,1510,556,625,1429,
1437,1504,1504,1504,1484,1236,1252,1253,1303,632,
1111,1113,545,1436,613,269,858,859,860,1437,
870,1141,46,630,872,862,155,630,556,1080,
897,1304,630,1309,1314,1309,631,896,1305,1422,
1423,1426,1437,1307,1228,1437,155,200,189,1504,
1504,1504,1118,140,1184,1272,186,272,1131,1271,
1252,1127,19,1136,1434,1437,625,1437,1469,545,
545,416,437,471,1468,1466,1465,1312,1451,1470,
632,1455,1457,1461,1259,1350,158,602,1255,1255,
358,1351,1235,1355,155,155,632,155,388,1066,
1200,1207,1212,1183,247,247,376,1214,247,258,
453,1214,1198,1183,1324,1325,1426,1185,1196,1209,
1210,1257,322,1248,965,959,106,106,122,237,
277,358,567,839,1260,1261,1432,822,676,839,
839,816,632,810,169,1013,1428,1092,61,185,
401,577,926,990,1013,991,992,992,120,1437,
1428,1092,1259,1257,1428,1257,12,1034,1042,1043,
1437,1092,1434,1434,957,1313,1257,250,1042,250,
1428,1428,914,1043,1313,179,253,354,917,1257,
120,1437,1259,1259,1428,1092,1244,1245,1426,120,
1257,849,1434,1092,850,1429,1092,1092,77,79,
120,143,180,423,916,120,1257,120,1257,120,
1257,1257,1034,911,6,139,1046,920,921,922,
923,924,1437,8,179,1056,424,925,926,983,
930,638,352,399,23,163,679,556,132,147,
681,630,1556,630,401,1225,1226,1227,1437,661,
662,1257,1434,1258,839,839,819,369,202,1313,
632,813,545,19,449,630,125,231,582,798,
678,1572,118,236,418,523,919,1429,262,841,
846,847,920,846,632,909,666,668,670,638,
1184,1235,1337,1235,1138,631,1138,548,630,948,
949,949,630,943,630,941,942,948,949,236,
943,236,631,631,631,631,631,1163,1138,1138,
631,631,632,631,373,1170,632,632,631,632,
631,238,1155,1156,631,631,631,631,632,631,
631,1138,631,186,631,631,632,631,632,632,
631,1138,631,1138,631,1138,631,631,631,630,
971,971,20,126,451,623,973,974,975,632,
632,1132,1543,631,1537,638,1014,631,1177,1140,
631,632,631,1135,1160,631,1050,1051,1052,186,
608,1373,54,63,73,85,86,87,101,320,
337,448,464,524,541,742,741,631,632,1506,
638,638,556,556,556,630,1138,364,1319,1109,
1429,1113,221,1116,1393,631,632,1135,856,385,
873,874,1258,858,1440,1128,1310,1311,1426,1315,
632,630,1306,631,631,632,638,1526,631,632,
729,370,1506,189,189,189,1235,1235,141,377,
1267,1268,1273,582,238,1434,1437,638,631,631,
75,568,416,1470,1454,1456,1251,1251,1360,1434,
1434,663,1434,155,121,1067,576,631,1530,1208,
635,247,1198,1214,1214,247,364,364,588,632,
1323,1312,1233,1128,1138,1249,1424,810,1036,630,
250,250,992,1013,998,1013,1013,139,476,1034,
1047,1031,632,1258,959,1434,1428,1055,608,1434,
1048,1034,632,20,126,1250,853,1034,1039,1034,
630,631,632,1437,1429,32,33,38,40,42,
43,59,107,110,118,137,154,180,182,195,
196,236,266,275,276,278,314,315,316,333,
334,335,340,343,360,361,393,394,418,472,
476,488,546,549,552,553,554,555,594,595,
619,931,934,935,936,937,938,939,940,1437,
399,1138,1138,364,685,691,364,74,686,1437,
1557,19,1034,631,632,631,632,630,1437,839,
813,1434,919,1579,364,364,702,703,705,1437,
491,1429,896,631,221,439,843,1399,909,630,
630,630,1437,1235,1246,1229,1138,117,277,358,
567,21,33,47,574,957,967,968,969,358,
358,631,1229,1229,1138,46,470,1169,1138,1138,
1177,42,341,631,608,1157,1138,1229,1138,1138,
1138,1138,631,631,631,1258,631,981,976,974,
976,977,1257,1206,1535,1437,631,1177,1136,1052,
1051,1374,416,1510,608,1513,625,625,1506,1506,
1506,120,1138,1317,1318,142,1116,256,1399,860,
631,206,250,875,631,632,631,1132,632,1312,
1316,1317,1314,1308,1306,1422,1437,850,1437,189,
1506,1506,1506,1252,202,1240,1436,1436,637,1269,
1270,1439,478,625,1455,1460,1434,155,390,1068,
1534,1233,1186,1183,1198,247,247,1183,1198,1189,
1188,1190,1325,1235,1318,1223,1224,1132,632,1250,
386,630,1037,1138,1013,998,630,997,997,120,
120,929,1087,1043,964,539,931,1030,1245,1040,
1042,1032,1377,922,630,984,948,948,949,943,
941,397,932,941,941,969,59,594,935,937,
969,969,59,595,595,598,941,933,949,943,
943,969,948,949,25,68,72,74,120,357,
364,401,472,521,577,951,952,953,982,1144,
598,948,969,33,948,970,948,948,949,630,
942,950,638,1229,486,1434,138,1027,631,632,
1558,1559,631,1226,662,675,491,229,238,378,
706,707,708,709,1134,463,631,632,704,1434,
631,631,907,19,899,1011,1012,1437,1011,1011,
263,1256,631,631,631,631,631,33,21,574,
957,33,958,631,632,631,631,631,1171,1416,
631,631,632,631,328,252,411,631,631,631,
631,631,631,972,631,632,918,1127,1252,1530,
631,170,272,200,441,1511,1511,1511,631,632,
1320,235,630,863,857,876,1437,874,898,1311,
1318,631,1529,1506,46,207,1237,1274,1439,632,
328,1434,155,1201,364,1192,1198,1198,364,1194,
1138,1138,630,1246,1221,1222,1211,1424,1258,873,
631,630,630,1011,630,630,110,549,552,623,
624,1418,1419,1056,1429,951,1092,1041,1079,631,
985,1437,305,986,484,580,620,945,946,947,
630,945,945,969,598,945,630,969,945,963,
120,143,180,1434,955,956,1418,582,120,120,
134,318,250,953,250,357,969,970,969,970,
945,358,945,1437,680,687,688,1437,468,630,
1560,1563,631,1434,631,632,704,1567,679,1573,
705,931,954,842,846,630,896,631,632,1250,
630,631,631,1255,958,970,358,1172,1424,1138,
328,168,631,1257,1131,1131,370,62,245,350,
510,526,614,1502,1503,608,1512,1512,1512,1318,
250,539,1134,866,630,592,877,918,1241,1424,
1238,1246,957,960,1270,1434,1535,1191,588,1193,
588,1228,1256,184,221,587,1216,1217,1220,918,
1250,631,1011,1011,631,1011,1011,1420,1420,850,
1049,235,631,632,190,384,485,364,987,947,
1015,1416,1015,955,593,512,682,52,65,177,
220,246,257,367,450,689,747,749,750,751,
753,754,755,756,757,758,760,768,769,772,
783,786,788,789,1432,1438,1442,1564,630,1562,
1563,608,1565,1561,1580,708,1437,1429,684,685,
449,964,1529,843,896,844,74,249,999,1002,
1005,1006,1007,1012,358,608,1000,1004,1006,1009,
1001,1003,1006,1008,631,632,1250,631,631,545,
545,545,17,1501,200,306,307,311,312,1514,
1515,582,1429,870,527,871,868,869,1437,238,
259,74,106,225,308,326,349,537,893,894,
895,1354,609,610,632,1242,1250,1138,1252,959,
1275,1202,1138,630,1138,630,631,991,991,1217,
631,631,999,631,631,1056,630,1437,125,582,
631,632,631,1138,150,683,770,773,1437,189,
348,761,748,1438,1438,1437,752,645,279,438,
607,792,30,790,639,1123,1562,631,51,61,
269,1526,693,954,186,681,1574,631,1526,1434,
1313,667,1007,1250,631,383,669,1009,671,1008,
1424,1502,370,1257,1257,1257,1257,1515,1326,1327,
1426,1196,1135,1258,631,632,879,547,1313,131,
131,1313,1313,1313,1313,630,888,895,153,1424,
403,1263,70,1400,1530,1228,1228,186,1215,1215,
983,999,1000,1001,873,50,354,446,476,988,
988,969,1416,969,1138,1138,605,775,779,189,
1437,763,764,1138,711,746,747,749,751,753,
755,756,757,758,760,768,783,786,788,711,
793,791,784,787,631,1529,61,370,61,129,
694,695,1144,1581,1134,686,954,845,1257,1050,
1432,1050,1050,1250,632,1312,1394,631,867,869,
630,881,883,878,1434,1313,1313,1260,1260,1258,
1439,528,889,890,1313,1250,14,148,159,371,
544,1401,1402,265,1403,631,631,202,247,373,
1219,1218,631,5,120,357,364,364,771,780,
145,779,782,235,149,1138,149,746,636,581,
1138,712,792,790,370,370,129,746,1568,138,
1575,1529,1327,1318,960,871,630,882,883,884,
313,880,883,1434,1434,891,631,632,914,1264,
46,46,148,46,1402,511,544,1404,1405,46,
46,630,630,582,125,605,774,776,1138,711,
149,759,220,765,279,636,795,794,119,710,
713,785,1438,785,144,687,693,1395,631,632,
313,886,887,1141,892,1439,890,630,1416,1416,
46,1416,46,46,1405,1225,1227,988,988,777,
776,782,781,52,762,1437,548,1138,138,90,
167,717,743,1437,149,746,636,459,1576,457,
1406,883,632,885,893,358,1265,1266,1416,1416,
1416,631,631,1138,149,548,632,711,796,711,
205,632,714,81,100,636,1569,746,218,1400,
887,631,631,632,778,52,711,1437,766,149,
149,186,1437,954,186,186,746,46,1403,1266,
548,145,146,767,438,607,715,120,744,720,
721,1257,716,1416,221,1407,711,711,763,496,
498,718,719,720,723,1144,1437,745,1117,358,
630,1409,632,746,188,1138,265,457,1408,631,
637,1410,1411,1426,476,1412,719,1439,631,632,
1413,1414,1426,1411,632,1312,1414,1134,1318,1135