1981,3090,1264,3042,0,0,0,0,0,0,
3044,3090,153,2094,2095,0,1925,8,0,1264,
415,0,0,165,0,1939,0,2155,0,0,
1264,0,2149,0,0,1264,1986,2131,392,1921,
3044,0,1322,0,2071,2875,0,0,0,0,
1999,0,2872,0,0,0,0,0,0,0,
0,0,2876,0,0,0,2,9,14,43,
0,80,63,70,32,42,40,39,37,41,
38,31,142,87,66,26,16,21,18,28,
17,20,24,25,23,27,22,0,67,1185,
145,144,143,34,84,29,30,33,77,83,
78,79,92,1294,1292,1845,1302,1301,1308,1309,
1310,1982,46,59,50,47,49,53,52,61,
62,48,60,57,58,51,55,56,54,72,
85,149,0,44,146,112,137,138,118,136,
123,125,113,114,115,101,97,134,98,132,
122,116,103,102,140,117,131,130,135,129,
139,99,100,126,121,104,108,111,96,133,
107,106,109,128,120,127,119,105,110,124,
45,64,2096,65,86,81,74,150,75,93,
95,94,76,148,141,88,19,69,89,68,
15,36,90,91,82,151,73,147,71,35,
0,1082,0,0,0,0,0,0,0,0,
0,1921,0,1018,3088,3089,3090,1266,1265,0,
3044,2275,1251,0,2359,2358,2361,2363,2364,2365,
2366,2367,2368,2311,2370,2373,2375,2376,2377,2378,
2312,2380,2381,2382,2383,2384,2385,2313,2314,2388,
2389,2390,2392,2393,2315,2316,2394,2395,2396,2397,
2398,2399,2400,2401,2402,2403,2318,2404,2319,2405,
2406,2408,2409,2439,2410,2411,2412,2413,2414,2415,
2320,2416,2417,2418,2419,2420,2421,2422,2423,2424,
2321,2425,2426,2428,2430,2431,2432,2433,2434,2322,
2435,2436,2437,2438,2323,2440,2442,2443,2445,2447,
2446,2448,2449,2349,2450,2451,2308,2453,2454,2455,
2456,2457,2460,2461,2350,2462,2463,2465,2466,2324,
2325,2468,2469,2470,2471,2478,2473,2474,2475,2773,
2477,2326,2481,2327,2485,2484,2486,2271,2487,2272,
2488,2328,2490,2491,2494,2495,2329,2497,2498,2499,
2500,2501,2502,2504,2330,2506,2507,2508,2509,2510,
2511,2774,2513,2514,2515,2518,2519,2520,2521,2522,
2523,2524,2525,2527,2528,2529,2530,2531,2532,2533,
2534,2535,2536,2537,2538,2539,2540,2541,2542,2543,
2544,2545,2546,2548,2549,2550,2551,2351,2331,2553,
2555,2556,2558,2561,2562,2563,2565,2569,2570,2571,
2572,2574,2576,2575,2577,2580,2582,2583,2581,2584,
2585,2586,2332,2333,2588,2589,2590,2352,2592,2594,
2593,2353,2595,2596,2597,2599,2600,2601,2602,2603,
2606,2607,2608,2609,2610,2354,2611,2613,2334,2614,
2355,2616,2618,2617,2619,2621,2622,2620,2335,2626,
2628,2629,2631,2633,2635,2336,2637,2638,2639,2641,
2640,2642,2337,2644,2645,2651,2652,2653,2654,2777,
2655,2656,2310,2338,2657,2339,2659,2660,2661,2662,
2663,2687,2692,2693,2694,2695,2696,2697,2699,2700,
2340,2701,2702,2703,2704,2341,2705,2707,2709,2710,
2711,2712,2713,2357,2714,2715,2716,2717,2718,2719,
2720,2721,2722,2723,2724,2729,2727,2728,2730,2732,
2733,2342,2734,2735,2737,2738,2739,2740,2343,2344,
2741,2743,2744,2746,2747,2748,2749,2750,2752,2754,
2755,2756,2757,2758,2759,2760,2761,2345,2762,2763,
2764,2775,2636,2362,2496,2753,2407,2658,2512,2552,
2776,2482,2386,2317,2452,2467,2554,2568,2587,2627,
2726,2736,2547,2566,2579,2483,2634,2698,2725,2356,
2751,2309,2427,2429,2567,2604,2360,2489,2369,2526,
2564,2649,2646,2648,2650,2630,2560,2441,2559,2517,
2598,2591,2624,2578,2459,2625,2706,2557,2632,2503,
2731,2371,2444,2647,2667,2765,2623,2615,2612,2476,
2664,2665,2666,2668,2669,2670,2671,2672,2673,2674,
2675,2676,2677,2685,2679,2678,2680,2681,2683,2682,
2684,2686,2688,2689,2690,2691,2708,2505,2372,2458,
2464,2493,2605,2742,2492,2391,2480,2387,2745,2472,
2573,2516,2479,2643,2374,2379,346,2282,327,2283,
2304,2305,2306,2303,2307,0,2865,2864,0,0,
3045,3046,681,0,0,0,0,0,0,1926,
0,961,681,681,0,0,0,264,3073,3073,
3090,3092,3094,2361,2311,2377,0,2240,0,0,
0,1692,0,2315,0,2398,2400,0,0,1350,
1350,845,0,0,0,2423,2424,2246,0,0,
0,2237,2247,2468,2473,2475,0,2239,2486,0,
0,0,0,2510,2249,0,0,2530,2532,0,
0,2536,2537,2538,2539,2221,1409,0,845,2233,
2248,2227,2584,2585,0,2595,0,0,2635,0,
0,2640,2651,0,0,2710,0,0,845,2220,
2729,2727,2728,2730,0,2238,2342,2250,0,2746,
1350,845,845,0,0,0,2756,2757,2764,0,
0,0,0,0,0,0,0,0,0,0,
0,0,0,2503,2708,2516,0,0,1342,0,
0,0,1408,0,1495,3064,1899,1341,1345,1362,
1367,1384,0,1401,1420,1421,1423,1533,1422,1429,
1554,1430,1555,1428,1427,2234,1426,2244,2243,1425,
2235,2245,2236,1343,1419,2262,2282,2261,1436,3062,
1921,1921,1921,0,0,1921,1921,0,0,1921,
0,1921,1921,1921,0,0,158,2107,416,417,
0,2917,2930,2931,2927,2932,2950,2933,2937,0,
2929,3022,2295,0,2936,0,3022,2934,0,3022,
0,2935,2940,2951,3022,2928,2284,2294,2293,3022,
2767,2766,2285,2768,0,2919,0,2267,0,0,
1941,1942,1940,1170,0,0,2156,2157,0,2160,
0,2161,2166,0,2861,0,0,0,0,0,
1267,0,1944,1987,1945,1943,1921,0,382,391,
393,394,390,0,0,3046,3057,3072,3067,3066,
3069,3070,3071,1327,3068,3065,0,1323,1325,1326,
898,0,0,2808,2811,2542,2577,2812,2732,2809,
2636,2810,2356,0,0,2288,2835,2770,2771,2772,
2769,2289,2778,0,2802,0,0,0,898,2083,
0,0,2083,0,1854,2067,2072,2070,0,2814,
2045,2815,0,2022,2044,0,2001,2037,0,2816,
2066,0,1854,0,2028,1981,2083,0,0,0,
0,0,394,1184,1200,1215,1183,1215,1321,2267,
2000,0,0,0,2874,0,2158,0,1320,1963,
0,1820,1823,1825,3142,0,0,0,3137,0,
3143,0,0,2261,0,0,0,0,0,3063,
0,0,0,0,1956,1302,0,0,1,11,
0,0,1350,2292,2746,0,2291,2290,2296,2298,
2975,3020,3026,0,0,0,1182,1186,1187,1189,
1190,1191,0,0,0,1293,1329,1296,0,3059,
3059,3059,1854,1846,1845,1993,1986,2096,2468,2100,
2102,2104,0,1010,1083,0,1014,0,0,0,
0,2877,0,1012,0,2065,1090,0,1041,0,
0,3099,1016,0,3043,0,1277,1288,1684,345,
0,169,0,1229,1917,1253,0,3049,0,0,
0,0,3095,0,0,0,528,0,0,0,
0,0,681,3099,3099,3073,3093,0,0,1811,
1443,1811,1811,1811,1693,0,0,0,0,0,
0,0,1811,0,1487,1459,0,1488,0,0,
0,2251,0,0,0,1440,0,0,1684,0,
1653,0,0,0,0,0,0,0,0,0,
1688,1690,2261,1811,0,0,1811,0,0,0,
0,0,1355,894,0,0,0,0,0,0,
0,0,0,0,0,1811,1811,0,0,1811,
1503,2253,0,0,0,2252,0,0,0,2242,
2241,2222,0,1506,1508,1507,0,1811,1811,0,
0,0,1811,1811,0,0,0,0,0,0,
0,0,0,0,0,0,0,1811,0,1433,
1432,1434,0,1956,3064,0,2817,1651,0,0,
1405,1404,0,1403,1402,2281,0,1344,0,0,
1349,1348,1410,1411,1412,1413,0,1414,1415,1416,
0,0,0,0,0,0,1407,1406,0,0,
0,0,1386,0,0,0,0,0,0,0,
0,0,1435,0,0,2276,2223,0,0,1549,
0,0,0,0,0,0,0,0,0,1927,
0,0,0,0,0,0,1921,160,0,0,
2918,2910,2948,2947,2952,0,2949,2945,2953,2954,
2938,0,2924,2942,0,2926,2944,2943,2923,2939,
2946,2925,0,2921,2913,0,0,1807,2887,0,
0,166,0,1171,1945,0,3166,3160,2154,0,
2167,2168,2164,0,0,0,0,0,2150,3058,
1269,0,0,0,1946,0,0,2133,0,2141,
2132,2135,383,0,0,413,1922,2917,0,0,
3052,3049,1313,1324,897,0,0,900,2834,1964,
1965,909,0,899,0,0,0,0,0,2780,
2846,2843,2842,2793,2788,2787,2300,2971,2786,0,
2821,0,904,906,905,2831,903,0,0,2732,
2781,2802,0,0,2779,0,2027,0,2079,0,
0,2085,2043,0,681,0,0,0,0,0,
0,0,2016,2064,0,2063,0,2036,1855,2077,
2078,2083,0,2076,0,2083,0,2067,0,2083,
2013,0,0,2005,2010,2006,0,2012,2011,2014,
2002,2003,2079,2067,2035,254,2062,2042,2032,2040,
2067,959,958,957,0,0,2067,2083,2083,389,
0,0,1199,1201,1202,1220,1219,1196,1216,1217,
254,1998,3164,3165,2873,1970,0,1821,0,0,
0,2226,2225,3139,2224,3147,3149,3133,0,3136,
3135,3144,3,0,0,618,4,6,0,0,
7,1295,1957,1306,1307,12,152,2299,0,0,
0,0,1037,1038,1038,0,0,0,0,0,
0,0,0,3010,1036,2973,2973,3006,2973,2973,
2973,0,0,1065,0,0,0,0,1334,1333,
1336,2435,0,0,1898,1892,1895,1894,0,1328,
1298,1297,0,3061,3060,0,0,0,1299,1854,
1997,1996,1995,0,1993,1170,0,2098,0,0,
2099,0,2087,1981,2086,2105,2106,3097,3098,3096,
911,3091,328,0,0,2879,2885,0,0,328,
0,0,1966,1966,0,1966,1966,597,0,596,
1966,687,549,551,552,586,553,554,555,556,
557,0,1168,1966,1168,0,1966,1966,1168,1966,
0,0,1966,1966,1966,1966,0,0,912,1966,
0,0,1168,0,1966,0,1152,0,0,1966,
1966,1966,1966,1966,1168,0,0,1966,1966,0,
1178,0,0,1966,0,1966,1966,1966,0,1966,
1966,0,1966,0,0,1966,1722,1722,1966,1966,
723,1123,683,710,711,0,1008,1009,1084,1086,
1156,1092,1091,1120,1125,1154,1155,0,3178,1020,
0,0,1019,3099,1248,0,0,954,953,0,
0,1288,1279,1686,0,1685,326,0,167,1231,
1230,0,1228,1261,1260,1258,0,1259,1257,1252,
1254,1255,3048,0,0,3050,3054,0,262,0,
0,0,0,0,681,0,530,0,2983,3018,
277,260,0,987,0,0,681,681,681,681,
3087,3075,3082,3083,3086,3085,3084,681,3081,3074,
3077,3078,3080,3079,3099,0,0,1812,1811,0,
0,0,0,0,0,1694,0,0,0,0,
0,0,0,0,0,1351,0,846,1515,0,
0,0,0,0,1783,1784,1785,1786,1794,1787,
1788,1789,1796,1801,1790,1791,1797,1798,1799,1792,
1800,1795,1793,1802,0,1782,0,0,1806,1803,
1805,1804,0,1654,0,0,0,0,0,0,
0,0,0,0,0,0,1811,0,0,0,
1811,0,0,0,0,0,0,0,0,0,
0,0,0,0,0,0,1525,0,0,0,
0,0,1811,0,0,0,0,0,0,0,
0,0,0,1483,0,2264,2263,0,0,0,
0,0,0,0,0,0,0,0,1597,0,
1597,0,0,0,1600,1601,1599,1602,0,0,
0,0,1811,0,0,1957,1437,0,0,0,
0,0,0,0,1340,1347,1346,1353,1352,1354,
1358,1363,1356,1360,0,1417,2368,1365,0,0,
1398,0,1368,1378,1399,1382,1389,1390,0,1385,
0,1387,1388,0,1392,0,1391,1395,1396,1397,
1400,0,0,0,0,1424,1431,1453,1454,1345,
0,1550,1551,2257,2265,1902,1909,1904,0,1927,
1906,1914,1921,1931,1932,1911,687,1929,1910,558,
2969,1907,1172,1916,3191,0,0,159,0,0,
0,0,2125,2128,2124,0,2127,0,2126,2108,
2111,2117,2129,0,0,414,418,420,0,423,
0,2941,3024,0,0,2922,2915,2916,2914,0,
2955,2920,1808,0,2886,2465,2550,0,1813,2268,
3168,0,0,3152,0,3163,0,2165,2162,2863,
1807,2862,2866,1263,0,155,156,0,0,0,
1268,1272,0,1233,1722,0,2137,2138,0,2145,
0,381,406,401,409,403,405,404,410,411,
412,407,402,408,395,0,2904,0,0,2913,
3053,0,3055,0,1813,1314,1313,0,0,0,
2837,0,2833,2832,0,1038,2278,1038,0,2848,
2849,0,2840,0,2841,0,2792,0,0,2795,
0,0,0,0,0,0,0,2836,2801,2800,
0,2803,2804,0,2807,2857,2858,2855,2856,2859,
2860,2854,2828,2051,0,2081,2084,1815,0,0,
2060,2054,2053,2049,2055,2061,2050,2023,2024,2025,
1863,1864,1862,1856,1857,1861,1860,2019,2068,2059,
2057,2046,2083,2058,2056,2007,2008,2009,0,1854,
0,2081,2083,0,2052,2083,0,0,2083,2039,
2041,1205,1206,0,0,1221,0,1195,1975,1974,
0,1971,1973,1962,1822,0,1827,0,0,0,
3134,3150,3132,3138,3145,3146,3131,2265,0,619,
0,0,622,0,0,1966,13,10,1073,0,
0,3017,0,2973,2973,0,0,2978,2297,0,
0,0,3015,0,0,0,0,3003,0,3004,
3007,0,3008,3009,0,0,3030,3028,0,3029,
3027,2960,2975,3021,0,1045,1194,2273,1193,1192,
1188,0,0,1339,1336,1330,1337,2277,1897,901,
1893,0,0,1850,1847,1849,1303,1304,1305,1300,
0,0,1919,1991,1994,0,2097,0,0,0,
2088,2089,2090,2091,2092,0,911,670,672,679,
678,680,0,1015,2884,2883,0,0,0,0,
1013,0,0,547,1967,0,0,547,0,0,
0,0,688,2065,1966,1169,1004,955,1264,955,
1129,0,1004,0,0,0,0,0,0,1264,
0,0,0,0,0,1264,0,0,0,0,
0,1966,0,1138,0,1094,0,0,0,0,
0,0,0,1139,0,0,0,1095,1966,0,
0,0,0,0,0,1264,0,0,0,1264,
1181,0,1180,1179,0,0,1264,1264,0,720,
0,0,0,716,717,0,0,0,0,1116,
1117,0,0,1112,1723,1113,0,0,684,1966,
1966,0,1088,1085,911,911,0,1966,3186,1074,
0,0,1017,0,0,1240,1281,1275,1280,1278,
1288,0,1773,0,347,0,0,0,0,0,
0,0,0,254,171,0,1918,1262,1256,3047,
3051,682,911,0,0,0,0,0,0,529,
0,532,0,0,2982,2983,2986,2987,2988,2989,
2990,2991,0,0,3026,1966,0,0,0,988,
911,681,0,0,0,0,0,3076,0,1511,
0,1612,1661,1612,1612,1612,0,0,0,0,
0,0,1512,0,1457,1513,1514,0,0,0,
1612,0,847,0,0,1460,1461,1450,0,0,
1534,0,1657,1462,0,0,0,0,0,1535,
1689,0,1691,2265,0,1612,1519,1468,0,1612,
0,1469,1536,1537,1538,0,1540,0,1521,0,
0,1524,0,0,1471,1612,1612,0,0,0,
0,1612,1473,0,0,0,1472,0,0,0,
0,0,0,0,1475,0,1451,1612,1612,1527,
0,0,1529,0,1484,1811,1612,1649,0,1589,
1588,1606,0,0,1606,0,0,1603,0,1590,
1587,1586,0,0,1612,1493,0,0,2818,2819,
2820,2838,1652,1650,1441,1359,1364,1357,1361,1366,
0,0,0,1377,0,0,0,0,0,1369,
1380,1383,1553,1541,0,1684,0,0,1157,1913,
0,2065,1912,559,560,562,0,1174,1173,1908,
3192,1905,1172,0,161,163,2122,2119,2118,2120,
254,2121,0,2130,2109,2423,2729,2730,0,427,
0,399,398,400,424,0,0,2913,3023,0,
0,2964,2967,0,0,0,2908,1810,2897,2893,
2898,2900,2896,2899,2901,2894,2895,1813,0,1854,
1814,1722,3162,3153,3154,0,3158,3161,3167,1283,
1284,1288,2163,0,0,0,157,0,0,2151,
0,1270,0,0,1238,1237,1239,1232,1234,1235,
0,0,0,0,2146,254,2134,0,0,0,
0,0,1923,0,3056,1316,0,0,0,0,
1315,1317,1318,1699,1698,1729,1726,1725,1728,1727,
1730,1722,1807,1834,1813,0,0,0,908,910,
907,0,0,2973,2973,0,0,2853,2845,2847,
2844,2794,2301,2972,0,2824,2825,2826,2822,2823,
0,2829,2827,0,2806,2080,0,1854,0,2048,
0,0,0,2021,0,2038,2004,1854,2020,0,
2018,2067,2067,2017,1204,1203,0,1207,1218,1969,
0,1826,0,1824,3140,3148,0,0,0,0,
0,0,0,0,624,0,620,0,0,1032,
0,2992,1039,1031,1030,0,2977,3011,2988,1033,
1034,1035,2976,0,2994,3013,2973,0,2973,2973,
2963,2962,2961,2958,0,0,0,0,0,1066,
1068,0,0,0,0,1042,1046,1047,1335,1338,
1331,0,2180,1891,1332,1852,1853,2259,1851,0,
0,1807,2267,0,0,0,2269,0,2101,1889,
1890,1874,1875,1873,1876,2093,1877,1888,2103,1966,
671,1966,0,0,0,0,0,0,0,329,
339,0,0,2878,0,574,0,0,0,0,
0,0,0,0,282,581,1023,687,1884,1886,
1883,1885,587,600,1887,601,598,1024,585,588,
1025,3193,599,550,0,757,1005,956,1004,1096,
1004,0,0,0,955,760,1004,0,984,1005,
756,0,1163,1162,1164,758,758,0,0,0,
1881,1882,1880,1878,1879,699,694,0,1871,1872,
1868,1869,1867,1870,705,1118,1253,1119,1780,0,
696,697,698,718,0,0,707,0,1136,1137,
0,1099,1134,1135,1172,689,0,0,0,736,
737,735,712,719,1166,1165,1167,692,693,0,
0,1153,1843,1850,725,700,724,695,0,0,
0,1147,1107,0,734,732,729,731,730,733,
708,701,702,704,703,715,706,1106,2129,690,
691,0,721,722,0,0,1089,1168,1168,1124,
1121,1122,1087,1093,1126,582,583,558,0,1966,
3188,0,1076,1078,3100,3101,1825,0,0,0,
1776,0,1777,1774,1775,0,1687,0,0,0,
0,0,0,0,0,170,0,0,0,0,
0,0,0,0,0,0,0,0,0,0,
0,0,0,0,0,0,0,0,0,0,
0,0,0,0,0,0,0,0,0,0,
0,0,0,254,199,234,263,911,676,0,
563,0,0,0,272,0,1966,1966,1966,1966,
267,687,534,536,537,538,539,540,543,541,
544,542,545,546,558,2984,2980,0,2981,0,
3019,1065,0,993,995,994,990,989,0,0,
2179,0,2178,756,257,603,605,608,606,687,
685,610,0,0,291,0,327,3126,0,0,
0,1612,1556,1613,1558,1559,1564,0,1695,0,
1447,859,859,843,1669,839,831,837,1683,1674,
1678,1681,1680,1682,0,815,1677,1679,829,1665,
843,1667,1670,859,1675,1455,0,0,0,0,
0,1612,1566,1612,0,0,0,0,0,0,
1655,0,0,0,1452,0,1545,1612,1570,1612,
1568,0,0,0,0,0,0,0,1574,1572,
0,0,0,0,1612,1576,0,0,0,0,
0,0,0,0,0,0,0,1573,1575,0,
0,0,0,0,1560,1620,1614,1615,1616,1617,
0,0,0,1604,1606,0,1606,0,1591,0,
1509,1612,1562,0,1438,0,1375,1370,0,1379,
0,1394,1393,0,0,0,1552,0,2258,2266,
1903,1901,1159,1158,1915,1930,2065,2970,1900,164,
0,2123,2116,2112,1651,0,419,428,421,425,
426,422,0,3025,3033,0,0,0,0,1854,
0,2888,0,0,3152,0,1288,1290,2169,2170,
2171,0,2869,2870,2868,2867,2153,2152,0,1273,
1274,1236,0,1959,1958,0,1936,1938,1947,1950,
0,2140,2139,2143,2142,0,396,0,2913,0,
0,2902,0,0,1807,0,1699,1729,1726,1725,
1728,0,0,0,0,1712,1720,1718,1720,1715,
0,0,0,1807,1825,0,1816,1834,2791,2790,
2789,1038,1038,2783,2782,2851,2850,2852,2797,687,
2796,0,2805,2082,2029,2034,2033,1859,1858,2047,
2015,254,255,1813,2083,0,1227,0,1223,1222,
0,1209,1972,1828,0,3151,5,0,0,0,
0,623,0,633,0,0,0,0,3169,2993,
0,0,3016,0,0,0,3001,2974,3005,3002,
2959,1071,1069,1070,1072,1067,1050,1049,1051,0,
0,0,1064,1063,1062,0,0,1029,1048,902,
0,2188,1848,0,1722,0,1813,1920,1992,1991,
0,0,0,332,336,333,334,0,335,0,
0,2881,0,584,1022,687,576,578,579,580,
286,285,287,288,290,289,284,1028,0,594,
0,0,0,0,0,1004,951,952,759,0,
754,761,0,0,0,0,0,742,744,745,
0,828,782,773,859,776,775,919,843,787,
834,0,836,833,808,807,824,806,811,795,
919,919,794,827,919,812,810,814,0,815,
835,820,809,813,805,0,826,859,843,843,
791,825,919,0,818,859,747,863,793,926,
0,0,859,861,839,1145,1146,992,991,1144,
0,0,1102,0,1103,0,1105,909,909,713,
1110,1133,1132,0,1111,714,1175,1101,0,1844,
1100,0,0,0,1233,0,0,1779,727,726,
1027,3182,3179,3180,0,3190,3189,3191,0,0,
0,296,3102,0,0,1287,1289,0,1276,0,
173,174,0,175,176,0,177,178,0,179,
172,0,0,0,0,0,0,0,0,0,
0,0,0,0,0,0,0,0,0,0,
0,0,0,0,0,0,0,0,0,0,
0,0,0,0,0,0,0,0,0,168,
677,0,1966,1966,266,687,565,567,568,569,
570,573,571,572,272,0,0,271,0,0,
0,0,0,2065,268,0,0,278,1045,3176,
3177,3178,0,609,258,0,0,604,602,911,
607,0,0,3117,0,0,524,523,0,0,
1485,1557,1696,0,0,860,1662,919,0,1672,
0,1673,841,840,832,830,1676,838,816,1666,
1671,1668,1664,1456,0,0,2254,1458,1449,1448,
1567,1565,0,0,1491,1517,0,1492,0,0,
0,0,0,1464,0,1467,0,0,1547,1571,
1569,1520,1539,1496,1522,0,1470,1439,0,1497,
0,1502,1500,0,1577,1474,0,0,1481,0,
1479,0,1480,0,1482,1526,1528,0,0,0,
0,1612,1621,0,1622,1608,1607,1594,0,1598,
0,1595,0,1609,0,1749,1563,1494,2839,0,
1374,1376,1372,0,1381,1542,1161,1160,561,162,
2114,0,2110,0,0,0,0,2912,2966,2965,
2968,3031,2956,2889,0,0,1976,1978,0,3159,
1285,1288,1290,0,1286,2172,2871,1271,1937,1984,
0,0,0,1954,2256,1970,1955,1961,2147,0,
0,0,1923,0,0,0,1825,0,1737,1731,
1733,1734,1736,0,0,1699,1698,1319,1714,1713,
1721,0,1719,1720,1720,0,0,1708,1707,0,
1770,1738,0,0,1829,1816,2973,2973,0,2830,
2030,2031,2026,0,0,0,0,0,1211,3141,
0,629,616,0,614,618,0,611,0,0,
627,0,0,0,2280,2279,2995,0,2996,0,
1054,0,1053,1059,1056,1055,0,1044,1043,0,
0,0,0,2181,2183,0,1896,1813,1813,2268,
1989,0,2270,1813,673,728,338,337,343,344,
0,2880,2065,283,0,1098,0,0,635,0,
0,0,762,0,0,1002,0,1001,1850,985,
986,1128,756,747,781,774,792,913,924,922,
916,817,919,0,920,921,778,790,0,801,
0,796,919,804,800,816,819,821,823,0,
919,789,788,798,785,848,0,1175,748,873,
0,0,0,0,1406,867,0,931,0,0,
876,0,1966,1966,0,884,763,864,866,765,
0,887,0,927,926,780,919,926,848,0,
862,848,848,1142,0,1143,1175,1781,1151,1150,
0,0,1177,1131,1842,1149,1148,0,1104,709,
1724,0,0,3184,0,3187,1040,0,307,0,
0,1075,0,300,297,309,0,1250,1244,1778,
180,0,182,184,189,0,191,2302,0,194,
0,196,2274,198,0,185,0,235,252,253,
202,240,228,239,229,242,241,243,244,230,
231,246,247,245,232,222,227,203,225,207,
209,223,201,250,251,205,206,221,208,210,
211,212,215,216,219,220,217,218,249,214,
248,213,204,226,233,200,0,0,0,2065,
270,0,0,0,0,0,0,531,593,589,
595,592,535,2985,0,3000,2998,2999,1042,3186,
0,0,911,686,0,0,348,740,741,739,
738,0,3127,527,525,526,0,0,1697,0,
0,0,0,1663,0,0,1444,1455,2255,0,
0,0,0,1658,1660,1656,1612,0,0,0,
0,0,1442,0,1543,0,0,0,0,0,
0,1478,1476,1477,928,1531,1530,0,1561,1618,
0,1624,1605,1593,1592,0,1606,1510,0,1757,
1758,0,1750,1751,0,1371,0,0,0,436,
431,439,433,435,434,440,441,442,443,437,
432,438,430,429,0,0,0,3040,1813,1976,
0,1978,0,1935,3156,3155,3157,1282,1291,2174,
0,0,0,1948,1951,0,0,0,0,0,
2144,397,0,0,2907,1924,1923,0,1739,1319,
1700,1716,0,0,1709,1717,0,0,0,0,
1764,1765,0,0,1768,1771,1772,1584,0,2637,
2260,1840,1839,1817,0,1818,1829,2785,2784,2798,
1226,1225,1224,1208,0,0,1213,617,0,615,
0,0,613,621,0,628,0,0,3012,2997,
3014,0,1060,1061,1058,0,0,0,0,0,
2182,0,0,2189,2191,1990,1845,1845,0,577,
0,638,1097,0,0,755,0,0,0,973,
0,0,998,743,746,915,914,918,0,917,
777,926,0,1006,797,822,0,799,852,853,
854,786,849,851,933,1127,879,888,890,889,
880,878,0,0,0,0,0,0,895,870,
2231,896,2232,2228,0,0,891,892,893,881,
877,882,0,0,883,0,865,0,0,875,
868,869,779,783,784,770,0,771,772,0,
1140,1130,1114,1176,0,3183,3181,3185,308,295,
0,0,1077,1079,0,0,1080,0,0,0,
1241,1249,181,0,190,0,0,195,0,0,
186,0,0,236,238,962,591,590,566,0,
968,273,274,276,0,0,265,3188,0,259,
256,0,0,0,349,351,0,0,358,0,
1486,857,855,858,856,844,0,0,0,1489,
1490,1518,0,1578,1516,0,1465,1544,0,0,
1523,1498,1501,1499,1504,1505,0,0,0,0,
1626,1610,1611,0,1759,1466,1752,0,0,1373,
2115,2113,3031,3034,0,0,2909,1854,1978,1825,
1933,0,0,2176,2173,1983,1985,1949,1952,1953,
1968,1960,2148,1923,0,2903,0,1732,1711,1710,
1703,0,1705,0,1760,1760,1769,0,1735,0,
0,1841,0,1835,0,1830,1831,0,1312,1818,
1210,0,0,1197,630,0,620,634,612,3173,
2979,1052,1057,2186,2187,0,2184,0,0,2190,
1865,1865,0,962,0,658,636,968,0,997,
973,1850,0,1966,1966,1966,749,974,975,977,
978,981,1000,0,925,923,919,0,919,850,
0,937,2230,2229,0,872,874,885,886,879,
766,0,0,1109,1115,0,293,298,299,310,
311,1021,3105,3103,0,0,0,0,1246,183,
192,193,197,0,0,224,0,0,1157,963,
964,966,0,1157,969,970,972,0,0,261,
973,0,305,3118,0,909,3116,361,359,360,
0,354,356,0,0,0,1445,0,1659,0,
1546,1548,929,0,1623,0,1647,1646,1648,1619,
0,1596,0,1756,1755,3040,3032,3035,2890,1934,
1977,0,0,0,2177,2906,1923,0,0,0,
0,0,0,0,1579,1580,0,0,0,1838,
0,0,1819,1311,1212,0,254,0,0,0,
0,3170,3171,2185,2193,2192,0,1988,1980,2882,
750,0,0,1966,0,0,1966,1966,1966,1966,
653,659,661,0,751,0,0,752,1003,980,
0,0,0,976,1850,802,1007,803,0,936,
0,941,871,0,1141,1108,301,1081,463,0,
3104,1247,1245,1243,1242,0,0,237,0,280,
965,269,281,971,0,1157,3115,296,306,0,
350,352,3128,358,0,0,842,843,1463,1532,
1625,0,0,0,0,1641,1628,1629,0,0,
2911,0,3041,0,0,0,2905,0,1807,1704,
1706,0,1761,0,1773,0,0,1837,1836,1833,
1832,1214,1198,0,0,1966,0,3174,1866,647,
640,643,0,0,1966,1966,0,0,0,0,
0,637,660,1966,753,996,979,982,983,999,
934,0,938,939,940,0,932,0,0,303,
489,2397,475,461,0,0,2563,465,312,315,
313,1981,314,320,0,321,322,323,324,325,
316,487,488,319,317,318,0,2286,0,2287,
2347,2346,2348,0,0,0,187,0,967,275,
279,309,0,330,355,909,0,0,0,0,
1636,0,0,0,1634,0,1630,0,1627,1632,
1631,0,1979,2175,0,2547,0,1742,0,1740,
1763,1762,0,0,0,0,1583,1581,631,0,
0,3175,647,0,645,0,641,639,642,669,
0,0,665,666,664,662,0,0,655,0,
935,0,0,767,302,0,294,0,0,474,
477,0,0,480,470,469,471,0,464,463,
463,517,468,514,513,506,0,3106,0,0,
0,909,3129,357,3111,1446,0,1637,0,1639,
1638,0,0,1643,0,1644,2793,3039,3038,3036,
1722,0,1741,0,0,909,1767,1766,1582,1585,
0,625,631,3173,644,0,651,0,649,652,
667,668,658,654,0,663,947,0,946,0,
943,942,769,768,863,304,490,501,504,496,
476,0,0,0,466,463,0,450,448,449,
455,456,457,458,459,460,451,454,452,453,
463,0,366,0,0,3107,3108,188,311,3119,
341,340,331,0,463,3109,3110,0,3113,0,
1635,1633,1642,1645,3037,901,0,1743,1744,1747,
632,626,3172,646,648,0,657,656,949,950,
948,0,0,764,0,0,463,497,0,472,
0,481,0,0,364,520,518,362,508,508,
292,330,342,0,3125,3130,3112,463,1640,2214,
1746,1748,0,650,0,0,498,504,494,502,
463,0,0,462,0,516,365,0,0,0,
463,0,507,509,511,3120,3123,3122,3124,3114,
0,2194,0,945,944,0,495,0,0,493,
473,478,463,521,463,375,374,0,0,444,
515,0,367,463,0,0,2180,1749,499,0,
463,0,463,0,463,0,0,909,0,0,
363,3121,2215,0,2188,1753,1745,1751,0,491,
463,479,484,0,0,370,445,446,0,372,
0,2196,1754,0,463,463,480,483,522,519,
0,0,368,369,380,379,0,2195,0,2200,
0,463,463,485,388,386,463,376,384,378,
0,385,447,373,0,0,2207,0,371,387,
2198,2199,2197,2202,0,0,2204,2205,0,2216,
377,2206,2201,0,2208,2210,0,0,2218,2203,
0,0,0,0,2212,2209,2211,2217,0,0,
2159,2219,0,2213
