0,65,66,1120,2347,67,68,69,70,71,
2175,72,1407,2117,2784,2785,73,958,74,2575,
1837,2573,2574,3820,4301,4302,3829,4316,3823,4305,
4306,3826,4310,4311,3273,3274,4702,4703,4322,4329,
4334,4359,3275,2304,75,76,77,78,2582,79,
3887,2604,80,3063,3064,1880,3912,4291,5036,4295,
5139,5246,5057,3212,4686,5037,5038,5148,3335,2433,
5272,3049,5362,3050,81,1189,4723,4724,4725,4930,
4931,4932,4933,5440,5335,5407,5441,5520,5526,5467,
5536,5537,5538,5524,1473,5539,82,990,991,1475,
2204,2799,2205,83,84,920,2135,2136,2137,2138,
3491,2800,3486,3487,4482,5468,5522,5336,5337,5253,
5338,5151,5339,5257,5340,5154,5341,5342,5343,5344,
5432,5345,5252,5460,5332,5333,5434,5502,5517,5346,
5161,5247,5394,5162,5248,5427,5328,5428,5455,5498,
5329,5395,5458,5398,5347,5353,5442,5348,5354,5349,
5166,5264,5352,5262,5351,5438,5437,5483,3918,4406,
1866,2591,3290,3291,3292,3066,3067,1732,2772,2773,
2774,3874,3875,3876,3674,3675,3676,2443,3207,3055,
1733,1734,1800,1736,3296,3878,3879,3297,3298,1737,
3300,1738,1739,1740,3072,3324,3325,3326,3327,3328,
2342,2343,3616,2964,3613,4564,4120,5301,4127,4177,
4178,4845,5227,5110,5223,5111,5225,5307,5308,5121,
5237,5238,5010,5011,5012,2426,2427,3276,3277,2428,
1199,1801,3329,2453,1802,3165,1803,1804,2431,3180,
3152,4401,3706,3707,3708,4227,3709,3095,2461,3699,
3700,4245,3756,4658,5324,3757,3758,3759,3760,3761,
3762,3763,3935,3764,3936,3931,3932,3929,1237,4621,
4622,4623,3925,3926,4261,4246,4247,4248,4630,4649,
864,4639,4203,1491,3012,1514,1515,2899,2222,1805,
4204,4205,4206,4255,3998,4756,4250,4228,4871,5028,
5031,5136,5320,3096,1830,3088,1584,735,4908,4909,
4910,4913,4914,4915,4856,4857,4858,4859,3097,2608,
4860,4861,3316,4848,4185,4186,4187,3098,4612,85,
86,1710,87,1719,88,1712,89,1823,1181,90,
2549,91,92,93,94,95,2353,96,97,3647,
3005,3006,3007,2385,2999,3000,1125,3213,3811,4891,
1163,1806,1807,2543,1808,1809,4883,1810,3126,1811,
1812,1813,1814,3471,3472,3103,3473,3155,2463,1444,
2779,4273,2515,98,99,1136,1137,1138,1139,1140,
1141,100,101,2315,4986,102,1592,1593,1594,3601,
4118,4556,4823,1597,1598,1599,2947,3599,103,1842,
104,2857,2858,2859,105,4898,4690,4691,2555,106,
107,1849,1850,1851,108,239,109,1462,1460,2180,
2181,110,1185,1186,2557,111,2839,2840,1831,1832,
4054,112,113,1333,115,865,117,118,2214,2215,
2880,2881,119,120,1006,1007,1008,1145,1146,1670,
2394,2395,2396,866,867,1347,1234,1833,869,870,
2070,871,1348,1349,4252,872,1360,2058,873,3944,
874,875,4015,876,877,878,3967,3968,4434,2090,
2091,2092,879,880,4976,5215,4808,881,2723,2023,
2024,4009,3442,4456,3342,3343,3436,4814,3438,4003,
4004,4451,4760,4949,5075,5190,5077,5191,5198,4950,
882,883,884,1954,3960,3390,4423,1899,3375,1834,
1835,1259,1260,1225,2629,1905,2882,4084,2883,3560,
3561,3562,4095,4091,2533,2534,2884,2885,2886,2887,
2888,2889,2890,4968,5206,5207,5422,4461,5496,4462,
4463,4464,4972,4533,4534,4535,4536,4537,3221,3222,
3223,3796,3127,1944,1945,1952,2153,2154,1900,2829,
1531,4104,4818,1116,1091,1092,1610,2325,4545,4815,
4816,3566,4541,4813,3161,3162,1152,1153,2404,3017,
3018,1547,1548,2283,2284,4997,3166,3035,3115,3073,
3036,3037,1674,1675,1147,1676,122,123,124,125,
126,127,128,129,130,131,132,133,134,135,
136,137,138,2793,2411,994,3541,736,2105,2106,
2107,139,140,963,984,1465,3526,3527,4062,3528,
1117,3530,4066,1088,2444,2445,4067,1089,2320,2321,
2322,4491,4493,141,142,4058,4059,985,143,3026,
1693,1694,144,1081,1569,1570,1571,2299,145,146,
147,148,149,150,151,152,153,154,155,156,
157,158,159,160,161,162,163,164,165,166,
167,168,169,170,171,172,173,174,175,176,
177,178,179,180,181,182,183,184,185,186,
187,188,189,1544,1741,1551,1068,1069,1070,1552,
2265,2927,1532,190,191,1702,192,1159,1160,1700,
1703,1704,193,1408,2129,3483,4032,4467,2130,2131,
2794,194,987,1470,1467,2186,1471,2189,4068,2865,
4510,195,977,1458,2849,196,968,197,198,972,
2843,2168,1452,3511,4499,4783,4963,3332,3651,4153,
4154,4156,4583,4584,5476,5529,5552,5546,5555,5556,
5559,5564,5565,5580,5451,5568,5574,885,1613,886,
4640,4641,887,888,889,890,891,892,4419,4063,
893,2405,4542,894,4060,895,2891,2412,707,4312,
4313,1126,1614,2398,2227,4136,1350,1103,948,5168,
1026,1128,1506,1129,2110,1507,2813,709,710,711,
5169,712,713,952,1031,714,199,1032,200,2236,
201,3579,3580,1520,1524,2251,2252,2253,1071,2041,
2245,1521,2254,1035,2742,1499,1500,2234,1501,2232,
1502,2908,2262,202,1454,718,2171,2172,3514,203,
1085,204,205,206,1171,207,2158,2827,2828,208,
2870,209,2140,2149,1411,954,955,2816,2994,2380,
2381,2814,2111,1508,2367,1653,1642,1869,2594,2595,
2596,2597,2978,2599,2600,2601,3308,1131,1645,1870,
1132,1422,2143,1663,4487,4037,5082,4776,210,240,
721,1197,1856,2211,211,212,213,214,1685,898,
2892,899,1009,1213,737,1889,1881,233,234,235,
740,741,236,1821,1822,4296,4893,5040,5367,5368,
1883,5417,1884,1885,4396,5059,5411,5473,5448,5415,
1886,3915,4728,5183,5364,215,1619,1615,1101,2336,
2330,2332,2835,4496,2836,2837,2165,216,217,1447,
218,219,4991,4992,3901,2548,3802,3803,4285,3210,
3807,2781,3082
