6498,2697,174,-4518,-16,1002,76504,786,1889,1889,
-73,3724,-4518,-4518,-4518,12700,3881,-4518,76504,174,
553,50840,76504,-4518,689,2133,30,302,336,1457,
174,76504,-4518,816,1634,174,322,670,66880,367,
-73,76504,2566,32376,7881,-4518,66880,161,156,76504,
1046,39,1454,76504,1266,67682,2704,24264,2502,1478,
1006,985,-4518,18482,2206,1921,-4518,1817,-4518,-4518,
1596,-4518,-4518,-4518,-4518,-4518,-4518,-4518,-4518,-4518,
-4518,-4518,-4518,-4518,-4518,-4518,-4518,-4518,-4518,-4518,
-4518,-4518,-4518,-4518,-4518,-4518,-4518,58860,-4518,264,
-4518,-4518,-4518,-4518,-4518,-4518,-4518,-4518,-4518,-4518,
-4518,-4518,-4518,-4518,2258,1255,-4518,-4518,-4518,-4518,
-4518,1250,-4518,-4518,-4518,-4518,-4518,-4518,-4518,-4518,
-4518,-4518,-4518,-4518,-4518,-4518,-4518,-4518,-4518,-4518,
-4518,-4518,301,-4518,-4518,-4518,-4518,-4518,-4518,-4518,
-4518,-4518,-4518,-4518,-4518,-4518,-4518,-4518,-4518,-4518,
-4518,-4518,-4518,-4518,-4518,-4518,-4518,-4518,-4518,-4518,
-4518,-4518,-4518,-4518,-4518,-4518,-4518,-4518,-4518,-4518,
-4518,-4518,-4518,-4518,-4518,-4518,-4518,-4518,-4518,-4518,
-4518,-4518,68484,-4518,-4518,-4518,-4518,-4518,-4518,-4518,
-4518,-4518,-4518,-4518,-4518,-4518,-4518,-4518,-4518,-4518,
-4518,-4518,-4518,-4518,-4518,-4518,-4518,-4518,-4518,-4518,
1972,76504,1996,76504,1785,1981,76504,65276,76504,76504,
1724,367,2207,2270,-4518,-4518,2240,-4518,-4518,1889,
-73,-4518,-4518,76504,-4518,-4518,-4518,-4518,-4518,-4518,
-4518,-4518,-4518,-4518,-4518,-4518,-4518,-4518,-4518,-4518,
-4518,-4518,-4518,-4518,-4518,-4518,-4518,-4518,-4518,-4518,
-4518,-4518,-4518,-4518,-4518,-4518,-4518,-4518,-4518,-4518,
-4518,-4518,-4518,-4518,-4518,-4518,-4518,-4518,-4518,-4518,
-4518,-4518,-4518,-4518,-4518,-4518,-4518,-4518,-4518,-4518,
-4518,-4518,-4518,-4518,-4518,-4518,-4518,-4518,-4518,-4518,
-4518,-4518,-4518,-4518,-4518,-4518,-4518,-4518,-4518,-4518,
-4518,-4518,-4518,-4518,-4518,-4518,-4518,-4518,-4518,-4518,
-4518,-4518,-4518,-4518,-4518,-4518,-4518,-4518,-4518,-4518,
-4518,-4518,-4518,-4518,-4518,-4518,-4518,-4518,-4518,-4518,
-4518,-4518,-4518,-4518,-4518,-4518,-4518,-4518,-4518,-4518,
-4518,-4518,-4518,-4518,-4518,-4518,-4518,-4518,-4518,-4518,
-4518,-4518,-4518,-4518,-4518,-4518,-4518,-4518,-4518,-4518,
-4518,-4518,-4518,-4518,-4518,-4518,-4518,-4518,-4518,-4518,
-4518,-4518,-4518,-4518,-4518,-4518,-4518,-4518,-4518,-4518,
-4518,-4518,-4518,-4518,-4518,-4518,-4518,-4518,-4518,-4518,
-4518,-4518,-4518,-4518,-4518,-4518,-4518,-4518,-4518,-4518,
-4518,-4518,-4518,-4518,-4518,-4518,-4518,-4518,-4518,-4518,
-4518,-4518,-4518,-4518,-4518,-4518,-4518,-4518,-4518,-4518,
-4518,-4518,-4518,-4518,-4518,-4518,-4518,-4518,-4518,-4518,
-4518,-4518,-4518,-4518,-4518,-4518,-4518,-4518,-4518,-4518,
-4518,-4518,-4518,-4518,-4518,-4518,-4518,-4518,-4518,-4518,
-4518,-4518,-4518,-4518,-4518,-4518,-4518,-4518,-4518,-4518,
-4518,-4518,-4518,-4518,-4518,-4518,-4518,-4518,-4518,-4518,
-4518,-4518,-4518,-4518,-4518,-4518,-4518,-4518,-4518,-4518,
-4518,-4518,-4518,-4518,-4518,-4518,-4518,-4518,-4518,-4518,
-4518,-4518,-4518,-4518,-4518,-4518,-4518,-4518,-4518,-4518,
-4518,-4518,-4518,-4518,-4518,-4518,-4518,-4518,-4518,-4518,
-4518,-4518,-4518,-4518,-4518,-4518,-4518,-4518,-4518,-4518,
-4518,-4518,-4518,-4518,-4518,-4518,-4518,-4518,-4518,-4518,
-4518,-4518,-4518,-4518,-4518,-4518,-4518,-4518,-4518,-4518,
-4518,-4518,-4518,-4518,-4518,-4518,-4518,-4518,-4518,-4518,
-4518,-4518,-4518,-4518,-4518,-4518,-4518,-4518,-4518,-4518,
-4518,-4518,-4518,-4518,-4518,-4518,-4518,-4518,-4518,-4518,
-4518,-4518,-4518,-4518,-4518,-4518,-4518,-4518,-4518,-4518,
-4518,-4518,-4518,-4518,-4518,-4518,-4518,-4518,-4518,-4518,
-4518,-4518,-4518,-4518,-4518,-4518,-4518,-4518,-4518,-4518,
-4518,-4518,-4518,-4518,-4518,-4518,-4518,-4518,-4518,-4518,
-4518,-4518,-4518,-4518,-4518,-4518,-4518,-4518,-4518,-4518,
-4518,-4518,-4518,-4518,-4518,-4518,-4518,-4518,-4518,-4518,
-4518,-4518,-4518,-4518,-4518,-4518,-4518,-4518,-4518,-4518,
-4518,-4518,-4518,-4518,-4518,-4518,-4518,-4518,-4518,-4518,
-4518,-4518,-4518,-4518,-4518,-4518,-4518,-4518,-4518,-4518,
-4518,-4518,-4518,-4518,-4518,-4518,-4518,-4518,-4518,-4518,
-4518,-4518,-4518,-4518,-4518,-4518,-4518,-4518,-4518,-4518,
-4518,-4518,-4518,-4518,-4518,-4518,1680,-4518,1715,-4518,
-4518,-4518,-4518,-4518,-4518,485,-4518,-4518,76504,76504,
-4518,2539,2337,2341,2370,2149,65276,105,76504,-4518,
2057,-4518,2337,2337,2460,2416,2120,-4518,-4518,-4518,
2240,2714,-4518,1920,1927,1935,24264,-4518,1938,1941,
1957,18482,1975,2005,2014,2030,2033,2059,2064,2072,
2072,2082,2091,2099,2102,-114,2108,-4518,2116,1006,
2129,-4518,-4518,2138,2172,2182,2199,-4518,2215,2226,
2241,19308,2255,2283,-4518,43616,2312,2315,2330,2336,
2339,2357,2363,2377,2383,-4518,-4518,18482,2082,-4518,
-4518,-4518,2394,2401,2408,2417,2419,2433,2435,2446,
2456,2457,2464,2469,2479,2492,2493,2512,2082,-4518,
651,2518,2524,834,2544,-4518,2552,-4518,425,2565,
2072,2082,2082,2575,2581,2587,2615,2621,2653,2659,
2668,2674,2679,2684,2687,2707,2709,2710,2716,2722,
2732,2736,2741,2744,2763,2764,24264,24264,-4518,24264,
10222,33179,-4518,76504,-4518,-4518,1967,-4518,54048,3560,
-4518,3032,24264,1159,-4518,-4518,-4518,-4518,-4518,-4518,
-4518,-4518,-4518,-4518,-4518,2117,-4518,-4518,-4518,-4518,
-4518,-4518,-4518,-4518,864,-4518,2766,1990,-4518,-4518,
367,367,367,76504,2617,367,367,2248,76504,367,
2368,367,367,367,2789,1889,-4518,-4518,-4518,-4518,
2891,2632,2747,2844,-4518,2611,-4518,-4518,-4518,2903,
-4518,2767,-4518,2743,-4518,2948,2767,-4518,280,2767,
220,-4518,-4518,-4518,2767,-4518,-4518,-4518,-4518,1862,
-4518,-4518,-4518,-4518,962,-4518,2988,106,65276,3236,
-4518,-4518,-4518,3210,76504,-16,-4518,-4518,18482,-4518,
3202,-4518,1551,3256,-4518,1889,3260,3432,76504,59662,
-4518,1889,-4518,-4518,3272,-4518,57,166,2863,-4518,
-4518,3025,-4518,3387,51642,267,-4518,-4518,-4518,-4518,
-4518,-4518,-4518,-4518,-4518,-4518,12700,2566,-4518,-4518,
149,3090,1486,-4518,-4518,54850,1508,-4518,1460,-4518,
80514,-4518,3382,33982,56454,-4518,2769,-4518,-4518,-4518,
-4518,-4518,-4518,78910,2773,982,31,3436,-4518,892,
2785,3293,892,60464,3331,1027,510,429,511,-4518,
3416,-4518,3049,-4518,-4518,596,3157,-4518,3446,-4518,
-4518,3072,3331,3076,-4518,7227,892,3466,1427,2441,
515,666,3025,-4518,1325,1677,-4518,1677,-4518,2800,
-4518,76504,76504,-16,-4518,1889,-4518,2827,2811,-4518,
76504,2812,-4518,2830,-4518,498,498,498,3557,498,
-4518,498,3391,2828,2847,3621,3515,2683,3519,-4518,
3482,3572,1591,2870,2258,2873,1250,2874,-4518,-4518,
2875,76504,2072,-4518,2889,1588,-4518,-4518,2880,-4518,
4038,-4518,-71,3559,3565,3567,-4518,2902,-4518,-4518,
-4518,-4518,1746,31573,3468,2258,-4518,333,3682,1140,
1140,1140,3331,-4518,1255,1697,3439,3538,3574,3493,
3549,61266,1434,-4518,-4518,59662,-4518,76504,76504,1648,
65276,-4518,76504,-4518,3367,2542,8982,76504,-4518,76504,
76504,3222,-4518,76504,-4518,52,-4518,1896,18482,-4518,
76504,-4518,3173,121,-4518,207,687,1836,2443,76504,
76504,76504,3241,3575,76504,3063,3765,76504,59662,83722,
76504,76504,2337,1891,1498,-4518,-4518,18482,18482,1989,
3702,3764,3764,3764,2216,3145,18482,18482,18482,18482,
18482,18482,2103,2961,-4518,-4518,-64,-4518,2962,18482,
18482,-4518,18482,18482,76504,-4518,4128,18482,18482,1084,
3648,18482,18482,18482,10222,6385,18482,18482,76504,3782,
2971,-4518,2972,2135,18482,18482,2140,18482,18482,18482,
18482,18482,-4518,-4518,18482,18482,24264,18482,18482,18482,
18482,18482,18482,2976,18482,3764,3764,18482,18482,2151,
-4518,-4518,18482,3530,3530,-4518,18482,11048,18482,-4518,
-4518,-4518,2981,-4518,-4518,-4518,76504,3764,3764,18482,
18482,18482,3764,3764,18482,2982,2983,18482,18482,18482,
18482,18482,30770,2984,2990,2993,24264,2256,18482,3702,
3702,3702,665,333,484,287,1583,3317,18482,18482,
-4518,-4518,69286,-4518,-4518,-4518,18482,-4518,18482,18482,
-4518,-4518,-4518,-4518,-4518,-4518,2503,-4518,-4518,-4518,
20134,24264,24264,2998,24264,24264,-4518,-4518,24264,24264,
24264,3545,3156,24264,24264,25090,25916,24264,24264,24264,
24264,1625,3702,65276,24264,-4518,-4518,2117,2117,18482,
46824,76504,76504,76504,3447,76504,76504,65276,3118,1208,
76504,76504,59662,76504,83722,76504,367,3209,3891,36391,
-4518,-4518,-4518,-4518,-4518,3269,-4518,-4518,-4518,-4518,
-4518,76504,-4518,-4518,59662,-4518,-4518,-4518,-4518,-4518,
-4518,-4518,65276,-4518,1421,59662,52444,171,-4518,77306,
76504,-4518,-16,-4518,3272,3324,-4518,-102,2216,3790,
-4518,-4518,3645,3822,76504,76504,-163,3566,-4518,-4518,
3031,3277,76504,76504,-4518,76504,70088,-4518,3573,-4518,
3035,-4518,-4518,2117,4456,-4518,-4518,2632,3485,66,
3380,1836,84,-4518,-4518,82118,76504,-4518,-4518,-4518,
-4518,3796,18482,-4518,59662,3137,3299,3599,42,-4518,
3047,3050,-4518,3221,-4518,-4518,3058,-4518,3065,76504,
1397,982,-4518,-4518,-4518,-4518,-4518,76504,3066,1460,
-4518,2773,982,34785,-4518,11874,-4518,3354,3649,2117,
18482,-4518,-4518,3088,2337,76504,76504,76504,76504,76504,
59662,76504,-4518,-4518,132,-4518,57256,-4518,-4518,-4518,
-4518,892,76504,-4518,76504,892,59662,1027,76504,892,
-4518,3653,3346,-4518,-4518,-4518,3726,-4518,-4518,3715,
3085,-4518,3649,1027,-4518,3725,-4518,-4518,-4518,-4518,
1027,-4518,-4518,-4518,1027,1027,1027,892,892,-4518,
1284,3833,-4518,3096,-4518,-4518,-4518,-4518,3098,-4518,
3725,-4518,-4518,3099,-4518,20960,1266,2812,76504,76504,
3909,-4518,-4518,3116,-4518,3569,3385,-4518,3300,-4518,
-4518,182,-4518,76504,18482,1993,-4518,-4518,59662,3813,
-4518,-4518,2258,-4518,-4518,3797,-4518,-4518,3130,3226,
3910,3172,-4518,3506,3506,1934,65276,3590,3311,3238,
3590,203,3590,-4518,-4518,-59,-55,-4518,3243,-26,
3243,1654,59662,3332,-16,-16,-16,264,-4518,-4518,
2073,3400,3400,65276,3146,-4518,-4518,-4518,3484,-4518,
-4518,333,18482,-4518,-4518,1250,1250,1250,-4518,3331,
-4518,-4518,-4518,70890,1697,3210,3574,-4518,65276,3159,
-4518,1859,-4518,2560,-4518,-4518,-4518,-4518,-4518,-4518,
1147,-4518,-4518,76504,76504,1936,-4518,3673,3985,-4518,
3174,3883,982,982,3883,982,982,-4518,3412,-4518,
982,198,-4518,-4518,-4518,-4518,-4518,-4518,-4518,-4518,
-4518,3839,3678,982,2663,3598,982,982,3925,982,
3600,3601,982,982,982,982,3421,3868,-4518,982,
3746,1504,3995,3747,982,3611,-4518,1665,3876,982,
982,982,982,982,3925,3613,3968,982,982,3617,
1524,3618,3623,982,3437,982,982,982,1049,982,
982,3624,982,3409,3422,982,3630,3630,982,982,
-4518,4875,-4518,-4518,-4518,2633,-4518,-4518,807,-4518,
-4518,3217,3218,-4518,-4518,-4518,-4518,3546,3338,-4518,
3561,3428,-4518,3222,130,71692,76504,-4518,-4518,3239,
3245,248,-4518,2216,3240,3247,-4518,3660,-4518,-4518,
-4518,76504,-4518,-4518,-4518,-4518,3449,-4518,-4518,-4518,
-4518,1811,-4518,4007,3620,-4518,-4518,3903,-4518,3703,
4075,3370,3976,3711,2337,3883,3477,4084,1653,-4518,
115,3065,3503,1856,76504,3896,2337,2337,2337,2337,
-4518,-4518,-4518,-4518,-4518,-4518,-4518,2337,-4518,-4518,
-4518,-4518,-4518,-4518,3222,257,452,-4518,3764,3275,
18482,3278,3279,3282,18482,192,2361,550,978,1790,
696,238,18482,3284,13526,-4518,3286,-4518,-4518,317,
339,1389,1450,3287,-4518,-4518,-4518,-4518,-4518,-4518,
-4518,-4518,-4518,-4518,-4518,-4518,-4518,-4518,-4518,-4518,
-4518,-4518,-4518,-4518,3902,-4518,354,3290,-4518,-4518,
-4518,-4518,3289,-4518,18482,1631,363,388,307,3312,
407,1879,1950,3306,76504,76504,3764,3308,1642,1712,
3764,3313,479,1719,1959,2001,2006,497,2019,3553,
1751,504,534,1777,663,717,-4518,1789,3314,3318,
1101,272,3764,3319,313,3302,3316,1791,14352,15178,
16004,394,1229,-4518,3321,-4518,2972,3322,3333,332,
206,1793,3328,3336,2031,3473,3473,1795,1246,1828,
1246,1252,65276,3342,-4518,-4518,-4518,-4518,3473,3473,
3473,111,3764,3343,399,333,-4518,18482,3344,3345,
3348,65276,18482,230,-4518,-4518,-4518,2635,275,-4518,
-4518,-4518,-4518,-4518,1315,-4518,3360,-4518,1006,2755,
3351,10222,-4518,1116,3351,3334,1224,1224,24264,-4518,
3362,2846,3071,19308,918,19308,918,3351,3351,3351,
-4518,24264,3364,24264,24264,-4518,3702,-4518,-4518,54048,
3368,3365,-4518,-4518,1652,-4518,-4518,3371,76504,1208,
-4518,-4518,367,-4518,-4518,-4518,199,-4518,-4518,572,
-4518,3366,154,3065,4002,76504,3374,-4518,3913,3914,
3923,3924,-4518,-4518,-4518,3927,-4518,3931,-4518,-4518,
3393,-4518,76504,29967,65276,-4518,3397,-4518,4066,-4518,
3850,-4518,-4518,2049,3647,-4518,-4518,-4518,-4518,47626,
-190,-4518,-4518,76504,-4518,108,116,4391,3597,-4518,
3099,76504,-16,124,-16,-4518,76504,-4518,3950,-4518,
324,3407,-4518,3408,65276,-4518,-4518,221,59662,59662,
3410,-4518,3655,194,3630,3411,-4518,3413,4216,4226,
166,-4518,-4518,-4518,-4518,-4518,-4518,-4518,-4518,-4518,
-4518,-4518,-4518,-4518,3426,4094,3431,59662,59662,1421,
-4518,76504,-4518,27550,3597,-4518,4062,3679,3687,1112,
-4518,62068,-4518,2216,1055,3506,-4518,3506,2239,-4518,
-4518,4005,-4518,3838,-4518,83722,-4518,65276,83722,4078,
3450,3451,3452,3453,3456,79712,18482,-4518,-4518,-4518,
11874,3458,-4518,79712,-4518,-4518,24264,2116,-4518,2456,
-4518,2216,-4518,-4518,-16,4088,-4518,2216,3469,76504,
-4518,-4518,-4518,-4518,-4518,-4518,-4518,-4518,-4518,-4518,
-4518,-4518,-4518,-4518,266,-4518,-4518,-4518,-4518,-4518,
-4518,3676,892,-4518,-4518,-4518,-4518,-4518,3866,3331,
3157,4088,892,4234,-4518,892,76504,76504,892,-4518,
-4518,-4518,-4518,3783,1325,3690,1677,-4518,2116,2216,
3479,3476,-4518,-4518,-4518,2121,-4518,1006,498,3899,
-4518,4110,-4518,-4518,-4518,-4518,-4518,1670,1869,-4518,
103,127,3906,1016,3483,982,-4518,-4518,-4518,3907,
586,-4518,3299,3243,3243,3524,3525,-4518,-4518,4086,
82920,3912,4172,65276,4086,3299,4215,-4518,3299,-4518,
-4518,3299,-4518,-4518,3748,3749,-4518,-4518,3750,-4518,
-4518,732,2237,-4518,2629,205,-4518,-4518,-4518,-4518,
-4518,76504,3654,-4518,1663,-4518,-4518,-4518,-4518,2782,
-4518,35588,3984,1931,3500,-4518,3535,3535,-4518,-4518,
76504,144,-4518,3502,-4518,28358,-4518,65276,3232,65276,
-4518,-4518,-4518,-4518,-4518,3951,254,-4518,-4518,-4518,
-4518,-4518,2696,2806,-4518,-4518,4271,3855,4071,3740,
2806,2297,-16,1587,-4518,3315,-16,1587,3315,3315,
76504,-16,-4518,1966,982,-4518,76504,248,174,248,
-4518,1050,76504,44418,72494,76504,76504,76504,76504,174,
1390,1390,76504,3237,73296,174,-16,-16,-16,-16,
2782,982,3237,-4518,73296,-4518,76504,76504,4076,76504,
4079,76504,76504,-4518,65276,76504,73296,-4518,982,1956,
1390,74098,1390,1390,76504,174,76504,2791,-16,174,
-4518,76504,-4518,-4518,76504,76504,174,174,2307,-4518,
2791,2791,2853,-4518,-4518,76504,3237,73296,3517,-4518,
-4518,62870,3526,-4518,-4518,-4518,-16,-16,-4518,982,
982,3943,-4518,-4518,94142,9246,2183,982,3642,3972,
1090,76504,-4518,3683,3684,-4518,-4518,-4518,-4518,-4518,
248,73296,74900,4112,-4518,18482,4199,4203,4212,4213,
4214,4218,4222,32,-4518,7451,-4518,-4518,-4518,-4518,
-4518,-4518,91,76504,3740,3675,3744,76504,3591,-4518,
4100,2737,3883,4086,-4518,4368,-4518,-4518,3602,-4518,
-4518,-4518,3735,59662,3929,982,1145,1145,4014,-4518,
5843,2337,76504,76504,76504,76504,76504,-4518,21786,-4518,
3578,3473,2216,3473,3473,3473,2402,18482,18482,4240,
4719,1361,-4518,63672,-4518,-4518,-4518,63672,4719,2134,
3473,3579,-4518,4151,4152,-4518,-4518,-4518,18482,18482,
-4518,18482,79,-4518,18482,18482,18482,18482,18482,-4518,
-4518,24264,-4518,3576,3582,3473,-4518,-4518,3583,3473,
18482,-4518,-4518,-4518,-4518,18482,-4518,18482,-4518,18482,
18482,-4518,18482,18482,-4518,3473,3473,22612,18482,18482,
3584,3473,-4518,18482,18482,18482,-4518,18482,1867,18482,
2533,18482,2662,18482,-4518,18482,-4518,3473,3473,-4518,
18482,447,-4518,3237,-4518,3764,3473,-4518,45220,-4518,
-4518,118,30770,3585,118,3589,24264,-4518,3473,-4518,
-4518,-4518,1358,3592,3473,-4518,18482,2155,-4518,-4518,
-4518,3603,-4518,2216,-4518,-4518,-4518,-4518,-4518,-4518,
24264,470,24264,3334,24264,6385,6385,2765,10222,-4518,
1575,3334,-4518,-4518,18482,18482,48428,76504,1160,-4518,
3591,1359,-4518,216,-4518,-4518,59662,-4518,-4518,-4518,
-4518,-4518,154,65276,3606,-4518,-4518,-4518,-4518,-4518,
3725,-4518,3587,3408,-4518,3846,3856,3865,33179,-4518,
37997,-4518,-4518,-4518,-4518,37997,147,1421,-4518,76504,
59662,3610,3614,3615,3827,3784,-4518,-4518,-4518,-4518,
-4518,-4518,-4518,-4518,-4518,-4518,-4518,3597,3619,3331,
-4518,3630,-4518,-4518,-4518,79712,-4518,3622,-4518,3625,
-4518,1896,-4518,285,9,76504,-4518,18482,-16,-4518,
3861,-4518,76504,76504,-4518,-4518,-4518,-4518,1155,-4518,
3144,76504,76504,3646,-4518,3725,-4518,4456,29967,4235,
4070,4253,19,47626,-4518,-4518,3631,1006,26742,3727,
-4518,3628,3867,-4518,-4518,-4518,-4518,-4518,-4518,-4518,
-4518,3630,4545,4243,3597,83722,83722,83722,-4518,-4518,
-4518,3728,3299,3243,3243,190,4026,-4518,-4518,-4518,
-4518,3065,-4518,-4518,3232,-4518,-4518,-4518,-4518,-4518,
982,2216,-4518,34785,-4518,-4518,1390,3331,382,-4518,
57256,57256,59662,-4518,4087,-4518,-4518,3331,-4518,-16,
-4518,1027,1027,-4518,-4518,-4518,1878,3852,-4518,-4518,
20960,-4518,76504,-4518,3643,-4518,4133,76504,4315,3651,
24264,3664,24264,3232,3920,3666,4476,3237,3400,-4518,
4090,-4518,-4518,-4518,-4518,3989,-4518,4487,-4518,-4518,
-4518,3065,-4518,3590,1218,4154,3243,4095,3243,3243,
-4518,-4518,-4518,-4518,235,3237,3237,3237,3237,2629,
-4518,901,97,1297,3232,134,205,-4518,3681,-4518,
-4518,63672,4426,-4518,-4518,-4518,-4518,-4518,-4518,18482,
599,323,1104,28358,76504,49230,-4518,745,-4518,-4518,
-4518,-4518,-4518,-4518,-4518,-4518,-4518,-4518,-4518,982,
-4518,982,-16,3970,75702,3973,3977,3978,4013,-4518,
-4518,76504,4138,-4518,-16,1054,-16,-16,-16,-16,
3237,-16,-16,2162,-4518,-4518,-4518,210,-4518,-4518,
-4518,-4518,-4518,-4518,-4518,-4518,-4518,-4518,-4518,-4518,
-4518,-4518,-4518,-4518,65276,-4518,-4518,-4518,76504,291,
76504,3696,4255,4256,248,5,76504,3699,3916,3930,
55652,9357,-4518,-4518,-4518,4157,4157,2205,232,73296,
-4518,-4518,-4518,-4518,-4518,-4518,-4518,76504,-4518,-4518,
-4518,-4518,-4518,-4518,-4518,-4518,1811,3698,-4518,3232,
-4518,-4518,-4518,-4518,58058,-16,-4518,3965,-4518,-4518,
76504,3698,-4518,-4518,325,-4518,3895,3974,-16,-4518,
-4518,-4518,-4518,-4518,-4518,-4518,-4518,-4518,-4518,9357,
73296,3709,-4518,1157,-4518,-4518,-4518,-4518,73296,3957,
3958,-4518,76504,73296,-4518,-4518,-4518,-4518,-4518,-4518,
-4518,-4518,-4518,-4518,-4518,-4518,-4518,-4518,76504,-4518,
-4518,76504,-4518,-4518,62068,63672,-4518,3826,2957,4875,
-4518,-4518,-4518,3217,-4518,-4518,-4518,572,4170,982,
2296,606,-4518,4093,-4518,-4518,2830,4168,4173,3731,
-4518,3733,-4518,3723,-4518,71692,2216,3736,3736,3737,
3737,3738,3738,3739,3660,-4518,4396,4401,4403,4404,
4407,4408,4410,4411,4412,4415,4416,4419,4420,4429,
4431,4433,4440,4441,4446,4451,4454,4455,4459,4462,
4468,4469,4479,4481,4482,4486,4490,4491,4495,4499,
4500,4501,4502,44,-4518,-4518,-4518,157,-4518,3795,
2884,3591,65276,3842,-4518,4452,982,982,982,982,
-4518,219,-4518,-4518,-4518,-4518,-4518,-4518,-4518,-4518,
-4518,-4518,-4518,-4518,572,4628,-4518,3885,-4518,83722,
-4518,3332,-121,-4518,-4518,-4518,-4518,-4518,76504,2683,
-4518,76504,-4518,42012,-4518,-4518,-4518,-4518,331,1702,
-4518,-4518,342,76504,-4518,3847,-116,-4518,1864,19308,
1888,3473,-4518,-4518,-4518,-4518,-4518,18482,2216,2627,
-4518,3851,3851,3857,-4518,3858,4258,3851,-4518,-4518,
-4518,-4518,-4518,-4518,4619,-4518,-4518,-4518,-4518,4444,
3857,4445,-4518,3851,-4518,3979,4667,3946,3871,3875,
3878,3473,-4518,3473,18482,18482,1906,475,1916,4650,
4219,1268,1296,477,-4518,1922,3607,3473,-4518,3473,
-4518,1947,1951,1953,2008,1310,2026,2163,-4518,-4518,
19308,2085,240,487,3473,-4518,2143,1473,1477,2168,
18482,2173,18482,2202,18482,2232,2247,-4518,-4518,2263,
3886,3886,3880,3888,-4518,76504,-4518,-4518,-4518,-4518,
4021,4025,3473,3889,118,3473,118,141,-4518,4156,
-111,3473,-4518,2288,-4518,76504,-4518,-4518,18482,1159,
175,-4518,-4518,24264,588,24264,-4518,3897,-4518,-4518,
-4518,-4518,4437,4716,-4518,-4518,4191,-4518,-4518,-4518,
3374,-4518,-4518,404,-4518,4578,3915,-4518,-4518,-4518,
-4518,-4518,47626,-4518,524,3928,50032,59662,4358,3331,
20960,-4518,3181,982,124,76504,248,4513,-4518,-4518,
-4518,3400,4464,-4518,-4518,-4518,2216,-4518,59662,-4518,
-4518,-4518,76504,1266,-4518,39603,-4518,-4518,-4518,-4518,
3926,-4518,-4518,-4518,-4518,4588,-4518,4365,1421,59662,
4146,-4518,4554,18482,4545,3932,3933,3934,3939,3941,
3942,28358,28358,4494,4507,-4518,4376,1637,4376,-4518,
42814,28358,28358,3124,2830,4722,4550,4243,3065,3065,
3065,3506,3506,-4518,-4518,-4518,-4518,-4518,-4518,239,
-4518,11874,-4518,-4518,-4518,-4518,-4518,-4518,-4518,3366,
-4518,3725,-4518,3597,892,4611,-4518,4612,-4518,3947,
4614,4372,-4518,-4518,3237,-4518,-4518,76504,2817,76504,
3122,-4518,4730,3959,24264,4622,3966,4551,-4518,-4518,
3999,3590,-4518,906,1179,3590,-4518,-4518,-4518,-4518,
-4518,-4518,-4518,-4518,-4518,-4518,-4518,-4518,1752,4691,
3398,4553,-4518,-4518,-4518,2117,2117,-4518,-4518,-4518,
1344,4518,-4518,28358,3630,49230,1163,-4518,-4518,3975,
76504,2791,-16,-4518,-4518,-4518,-4518,4688,-4518,4689,
2158,4436,4639,-4518,-4518,247,-4518,-4518,-4518,-4518,
-4518,-4518,-4518,-4518,-4518,-4518,-4518,-4518,2297,-4518,
3987,3232,4409,3991,18482,76504,-4518,-4518,-4518,4081,
-4518,-4518,3992,46022,1145,1145,2180,-4518,-4518,-4518,
9357,-4518,3851,3851,3851,-4518,-4518,362,3857,-4518,
-4518,3993,-4518,-4518,-4518,-4518,-4518,-4518,-4518,-4518,
416,2843,-4518,-4518,416,-4518,-4518,-4518,245,1962,
-4518,-4518,-4518,-4518,-4518,3994,-4518,3851,3857,3857,
-4518,-4518,416,3851,-4518,3851,4378,4796,-4518,172,
3851,3851,3851,3998,3858,-4518,-4518,-4518,-4518,-4518,
4695,359,-4518,9357,-4518,76504,-4518,3796,3796,-4518,
-4518,-4518,-4518,4257,-4518,-4518,1875,-4518,76504,-4518,
-4518,76504,76504,46,1155,4003,4004,3698,-4518,-4518,
-4518,4011,224,-4518,297,-4518,-4518,4002,2052,436,
4245,2385,-4518,76504,76504,-4518,-4518,74900,-4518,40406,
-4518,-4518,41209,-4518,-4518,-122,-4518,-4518,2069,-4518,
-4518,4008,-16,3237,-16,64474,3237,947,3232,104,
3237,3237,-16,-16,3237,3237,2110,-16,-16,1390,
-16,3237,-16,3237,3237,-16,-16,-16,-16,-16,
-16,-16,3237,59,-16,-16,3237,3232,7451,-4518,
-4518,46022,982,982,-4518,271,-4518,-4518,-4518,-4518,
-4518,-4518,-4518,-4518,-4518,4449,46022,1088,76504,-16,
3315,3315,3232,2960,-4518,4086,4600,3065,205,-4518,
-4518,3338,4012,-4518,-4518,76504,2238,-4518,-4518,3593,
-4518,4363,4460,-4518,1609,4015,-4518,-4518,396,6385,
-4518,-4518,2216,18482,1466,-4518,-4518,416,4466,-4518,
1590,-4518,-4518,-4518,-4518,-4518,-4518,-4518,-4518,-4518,
-4518,-4518,-4518,-4518,4018,4719,4598,-4518,-4518,-4518,
-4518,-4518,6385,6385,-4518,-4518,18482,-4518,18482,498,
4022,18482,18482,-4518,18482,-4518,355,4023,4210,-4518,
-4518,-4518,-4518,-4518,-4518,18482,-4518,-4518,6385,-4518,
18482,-4518,-4518,18482,-4518,-4518,18482,18482,-4518,2310,
-4518,2325,-4518,2333,-4518,-4518,-4518,3232,4028,4029,
3237,3473,-4518,4030,4447,-4518,-4518,-4518,18482,-4518,
3473,-4518,3473,4656,4719,1698,-4518,-4518,-4518,2251,
-4518,-4518,-4518,18482,1159,-4518,-4518,-4518,-4518,-4518,
-4518,4422,-4518,4435,37997,4273,4646,-4518,-4518,-4518,
-4518,1119,-4518,-4518,2257,76504,4836,4485,16830,-4518,
-4518,248,4513,4589,-4518,2502,-4518,-4518,4033,-4518,
982,1604,2276,-4518,-4518,20960,4037,-4518,4283,29967,
4669,47626,19,4259,59662,1566,2830,28358,-4518,-4518,
-4518,-4518,-4518,3867,4041,4043,4044,3867,-4518,-4518,
-4518,4610,-4518,4376,4376,4618,4620,-4518,3812,3922,
417,-4518,17656,18482,4180,4550,3243,3243,3232,-4518,
-4518,-4518,-4518,-16,-16,1336,-16,4709,4754,-4518,
2279,-4518,-4518,2291,-4518,4605,4409,-4518,3163,3232,
76504,4835,4863,4086,-4518,-4518,-4518,4488,-4518,4086,
-4518,3232,-4518,94,-4518,-4518,3884,-4518,-4518,4840,
4841,4737,4844,1344,-4518,1899,-4518,1163,3597,1581,
-4518,4080,-4518,1172,-4518,-4518,-4518,-4518,-4518,-4518,
4417,-4518,1630,-4518,46022,-4518,76504,2293,-4518,46022,
2365,4072,-4518,46022,18482,-4518,2298,-4518,173,-4518,
-4518,-4518,55652,4378,-4518,-4518,-4518,4861,457,-4518,
4865,-4518,416,63672,-4518,-4518,-4518,-4518,498,-4518,
-25,-4518,416,-4518,-4518,4279,-4518,-4518,-4518,498,
416,-4518,-4518,-4518,-4518,-56,76504,1875,-4518,-4518,
62068,2620,-16,3020,4178,-4518,4301,-4518,4786,1757,
4649,3591,982,982,4849,-4518,-4518,6070,-4518,4711,
4652,-4518,954,-4518,4881,-4518,416,4881,-56,4547,
-4518,-56,-56,-4518,3169,-4518,1875,-4518,-4518,-4518,
76504,76504,-4518,-4518,-4518,-4518,-4518,4096,-4518,-4518,
-4518,4548,4170,-4518,4556,-4518,-4518,4510,-4518,18482,
18482,4549,76504,4552,-4518,4853,4912,3698,1371,-4518,
-4518,2300,-4518,-4518,-4518,2301,-4518,-4518,4107,-4518,
2327,-4518,-4518,-4518,76504,-4518,2346,3237,-4518,-4518,
-4518,-4518,-4518,-4518,-4518,-4518,-4518,-4518,-4518,-4518,
-4518,-4518,-4518,-4518,-4518,-4518,-4518,-4518,-4518,-4518,
-4518,-4518,-4518,-4518,-4518,-4518,-4518,-4518,-4518,-4518,
-4518,-4518,-4518,-4518,-4518,-4518,-4518,-4518,-4518,-4518,
-4518,-4518,-4518,-4518,-4518,-4518,2387,3315,3315,3100,
1088,4114,2395,-16,-16,-16,-16,-4518,-4518,-4518,
-4518,-4518,-4518,-4518,319,-4518,-4518,-4518,134,3642,
46022,4118,6599,-4518,1609,4458,76504,-4518,-4518,-4518,
-4518,4427,-4518,-4518,-4518,-4518,4564,422,2216,4121,
4125,4126,4127,-4518,4132,2406,-4518,3979,-4518,2117,
4134,4135,2409,4124,-4518,-4518,3473,2411,1615,2424,
4624,4690,-4518,4533,-4518,2427,1722,2484,2529,2547,
2556,-4518,-4518,-4518,-4518,-4518,-4518,4137,-4518,-4518,
4919,4583,2216,-4518,-4518,1032,118,-4518,3115,-4518,
-4518,4150,1698,-4518,4596,-4518,2439,4799,4692,-4518,
-4518,-4518,-4518,-4518,-4518,-4518,-4518,-4518,-4518,-4518,
-4518,-4518,-4518,-4518,59662,4592,4771,4962,3597,159,
76504,4485,4837,-4518,-4518,2216,-4518,-4518,-4518,4738,
4616,76504,20960,-4518,-4518,1604,76504,4167,3926,3591,
-4518,-4518,59662,4794,-4518,-4518,19,1358,-4518,90,
-4518,-4518,4734,4735,-4518,-4518,18482,4174,18482,4175,
-4518,-4518,248,248,-4518,417,-4518,4187,4176,4182,
2216,-179,-4518,2216,76504,4198,4180,-4518,-4518,-4518,
-4518,-4518,-4518,-4518,-16,4845,4602,-4518,76504,-4518,
1601,2444,-4518,-4518,4186,4183,-16,906,-4518,-4518,
-4518,4891,-4518,-4518,-4518,4892,498,498,4965,498,
-4518,4966,4967,1899,-4518,-4518,4629,4629,4640,-4518,
2453,4399,-4518,4409,2466,-4518,76504,2473,2605,513,
46022,4647,-4518,-4518,-4518,-4518,-4518,-4518,63672,-4518,
-4518,4881,2504,-4518,-4518,-4518,2506,-4518,-4518,-4518,
-4518,-4518,-56,-4518,4201,-4518,1892,-4518,-4518,-4518,
-4518,-4518,3846,3856,3865,2110,2110,18482,-4518,-4518,
-4518,-4518,-4518,-4518,4653,4405,-4518,-4518,-4518,-4518,
-4518,-4518,-16,-16,-4518,62068,-4518,5009,5005,-4518,
-4518,-4518,-4518,-4518,-4518,-4518,4202,-4518,-4518,18482,
-4518,-4518,1848,-4518,4409,-4518,-4518,-4518,-4518,2216,
6385,4946,-4518,-4518,-57,-16,4886,2683,4920,4658,
2229,-4518,-4518,76504,-4518,76504,76504,-4518,-16,4206,
-4518,4220,2509,-4518,-4518,1105,-4518,-4518,-4518,2297,
343,-4518,-4518,-4518,4806,65276,-4518,2296,2520,-4518,
-4518,4521,436,4217,4211,-4518,9357,-16,183,76504,
-4518,-4518,-4518,-4518,-4518,-4518,4668,4221,5021,-4518,
-4518,-4518,18482,-4518,-4518,18482,-4518,-4518,4703,4873,
-4518,-4518,-4518,-4518,-4518,-4518,4227,3237,18482,5002,
1353,-4518,-4518,3473,-4518,-4518,-4518,4674,83,-4518,
-4518,-4518,1119,-4518,4670,59662,-4518,3331,4485,2830,
-4518,4789,4636,919,-4518,-4518,-4518,-4518,-4518,-4518,
-4518,-4518,-4518,19,59662,-4518,289,-4518,-4518,-4518,
2216,76504,2216,76504,4862,4862,-4518,-205,-4518,18482,
18482,-4518,18482,-4518,5034,4231,-4518,18482,-4518,4198,
-4518,-16,4900,-4518,-4518,4241,4476,-4518,-4518,277,
-4518,-4518,-4518,-4518,-4518,498,-4518,498,498,-4518,
4785,4785,4901,1105,2200,4140,-4518,343,2541,-4518,
513,1157,-16,982,982,982,-4518,513,-4518,-4518,
-4518,-4518,-4518,4242,-4518,-4518,416,498,416,-4518,
76504,4750,-4518,-4518,2610,-4518,-4518,-4518,-4518,-4518,
-4518,4248,2625,-4518,-4518,2563,-4518,-4518,-4518,-4518,
-4518,-4518,4438,-4518,2117,4398,4465,4470,-4518,-4518,
-4518,-4518,-4518,76504,76504,-4518,3237,4679,1160,1105,
-4518,-4518,2595,1160,343,-4518,-4518,5031,5061,-4518,
513,-16,4549,-4518,76504,3796,-4518,-4518,-4518,-4518,
4261,4260,-4518,76504,4890,4263,-4518,4975,-4518,2639,
-4518,-4518,-4518,4268,4266,18482,-4518,-4518,-4518,-4518,
2901,-4518,4932,-4518,-4518,4962,-4518,4461,-4518,-4518,
-4518,4493,4832,4850,-4518,-4518,19,4278,4281,4282,
4284,1907,4286,4287,-4518,-4518,4288,2596,2612,-4518,
4290,76504,2216,-4518,-4518,-16,3725,24264,4291,4969,
1784,-4518,-4518,-4518,-4518,-4518,57256,-4518,-4518,-4518,
-4518,4293,4542,982,4980,4983,982,982,982,982,
4299,4140,-4518,4963,-4518,4378,76504,-4518,-4518,-4518,
3237,-16,-16,-4518,1157,-4518,-4518,-4518,2613,-4518,
972,4745,-4518,18482,-4518,-4518,4586,-4518,91742,1797,
-4518,-4518,-4518,-4518,-4518,4302,4303,-4518,2502,-4518,
-4518,-4518,-4518,-4518,3591,1160,-4518,2385,-4518,4659,
-4518,-4518,-4518,2107,9357,4981,-4518,3857,-4518,-4518,
3500,3113,4651,18482,4442,4463,-4518,-4518,4448,4453,
-4518,4483,-4518,76504,4751,4567,-4518,78108,4693,-4518,
-4518,5094,-4518,5097,74900,74900,426,-4518,-4518,-4518,
-4518,-4518,-4518,3220,76504,982,4617,-4518,-4518,4325,
-4518,-4518,-4,-16,982,982,3591,3591,3232,76504,
4594,-4518,-4518,982,-4518,-4518,-4518,-4518,-4518,-4518,
-4518,76504,-4518,-4518,-4518,398,-4518,2646,18482,5000,
4523,76504,279,-4518,93346,93346,76504,-4518,-4518,-4518,
-4518,7227,-4518,-4518,1071,-4518,-4518,-4518,-4518,-4518,
-4518,-4518,-4518,-4518,-4518,-4518,5125,-4518,4330,-4518,
-4518,-4518,-4518,5096,4779,5102,-4518,76504,-4518,-4518,
-4518,4853,9357,-4518,-4518,3796,4685,4348,18482,1870,
-4518,5153,1905,1939,-4518,6385,-4518,312,-4518,-4518,
-4518,81316,4033,-4518,76504,4472,2636,-4518,94131,-4518,
-4518,-4518,4354,2650,65276,4355,-4518,-4518,4625,2655,
3400,-4518,-4518,2670,-4518,23438,-4518,-4518,-4518,-4518,
-16,-16,-4518,-4518,-4518,-4518,65276,2676,-4518,65276,
-4518,1638,1638,1815,2216,18482,-4518,18482,4555,-4518,
-4518,4985,76504,-4518,-4518,-4518,-4518,18482,-4518,91742,
91742,-4518,-4518,-4518,-4518,5148,4800,-4518,4801,4361,
5043,3796,4148,-4518,1562,-4518,6385,-4518,3113,-4518,
-4518,4496,4707,-4518,4503,-4518,3221,-4518,-4518,3065,
3630,1358,-4518,78108,4498,3796,-4518,-4518,-4518,-4518,
3232,-4518,4625,4728,-4518,4325,-4518,2688,-4518,3334,
-4518,-4518,4140,-4518,4594,-4518,-4518,5189,-4518,1031,
4820,4823,-4518,-4518,6070,2216,2216,-4518,278,-4518,
-4518,4955,5049,18482,2216,86930,4381,-4518,-4518,-4518,
-4518,-4518,-4518,-4518,-4518,-4518,-4518,-4518,-4518,-4518,
92544,18482,-4518,1071,5125,-4518,-4518,-4518,-4518,-4518,
-4518,-4518,-4518,5072,87732,-4518,-4518,65276,-4518,1976,
-4518,-4518,-4518,-4518,-4518,2782,289,-4518,-4518,5036,
-4518,-4518,-4518,-4518,-4518,23438,-4518,-4518,-4518,-4518,
-4518,4601,5081,-4518,4579,18482,91742,-4518,5062,-4518,
4987,2216,4923,4394,-4518,4392,2216,5095,93346,93346,
-4518,-4518,-4518,1045,-4518,-4518,-4518,91742,-4518,5138,
-4518,-4518,4520,-4518,1638,1638,-4518,393,-4518,2216,
88534,5169,76504,-4518,4654,-4518,-4518,18482,5082,66078,
89336,4400,-4518,-4518,-4518,4148,-4518,-4518,-4518,-4518,
5066,4748,1358,-4518,-4518,18482,-4518,5077,4660,-4518,
4406,-4518,91742,2216,91742,-4518,-4518,5020,7741,1164,
-4518,4414,-4518,87732,-16,5011,4426,1461,2216,5183,
91742,76504,84524,5086,90138,5050,76504,3796,5051,5053,
-4518,-4518,-4518,5195,4518,-4518,-4518,1698,4675,-4518,
85326,-4518,2816,4797,4613,-4518,-4518,5127,2851,-4518,
498,5019,-4518,4876,91742,91742,-4518,-4518,-4518,-4518,
53246,18482,-4518,-4518,-4518,-4518,2206,-4518,4882,4434,
4559,86128,90940,-4518,-4518,-4518,29165,-4518,-4518,-4518,
5063,-4518,2216,-4518,1573,37194,4758,53246,-4518,-4518,
-4518,-4518,-4518,-4518,65276,2695,-4518,-4518,76504,4473,
-4518,-4518,-4518,38800,4439,-4518,982,5101,4931,-4518,
76504,20960,4894,5103,5252,-4518,-4518,-4518,3315,5107,
-4518,-4518,4477,-4518
