-4518,-4518,-4518,-4518,-4518,-4518,-1059,-4518,-4518,-4518,
-4518,-4518,-4518,-4518,-4518,1796,-4518,-4518,-4518,-4518,
-4518,-4518,2043,2051,-4518,-4139,-4518,-4518,2050,-4518,
587,2053,-4518,583,-4518,1415,-4518,378,-4518,-4518,
-4518,-4518,-2794,-1570,-4518,-4518,-4518,-4518,-4518,-4518,
1402,-4518,-4518,579,1602,4077,-4518,567,-4518,236,
-4518,-4518,-4518,-4022,113,-60,-4518,-4518,54,3580,
-110,-3291,-4518,-4518,-4518,-4518,-4518,-4518,376,-4518,
-4518,241,-4518,-4518,-1209,-4518,-4518,-4518,-4518,-4518,
-4518,-245,-203,2500,-4518,-4518,-4518,5257,-4518,4236,
-4518,-2724,2442,-4518,-4518,-4518,-4518,-4518,2501,-2651,
-4518,-4518,-4518,1277,-4518,-4518,-4518,-382,274,-4518,
281,-4518,282,-4518,283,-4518,284,286,288,290,
-4518,292,-4518,-4518,-201,-4518,-4518,-4518,-4518,293,
-4518,-4518,-4518,-4518,-4518,-4518,-4518,-109,-4518,-4518,
-15,-4518,-4518,-104,294,-4518,-93,295,-4518,298,
-4518,-37,-4518,-18,-4518,-4518,-4518,-4518,-4518,-4518,
-4518,-4518,-4518,-4518,1444,2892,4165,2888,-797,-4518,
1868,-4518,-4518,974,-4518,-4518,1173,-1541,-4518,2762,
-2471,-2466,-1074,-2465,-4518,-4518,-4518,-3123,-3120,-1362,
-4518,-1360,-2457,-2456,-2420,955,2020,2023,2021,21,
-4518,1227,532,-4518,-4518,-4518,-3497,58,-4518,-3758,
766,-4518,-4518,-4518,-4518,-2991,-4518,-4518,-23,-4518,
-4518,51,60,-4518,352,-4518,2944,-4518,-4518,-2379,
-413,2829,-4518,-1959,-1760,-2367,-1613,-1607,-4518,-4518,
-4518,980,2054,1183,-4518,1185,-1621,1135,-3658,-4518,
-4518,-458,-2726,-4518,-4518,-4517,-4518,-2487,1649,-4518,
-4518,-2445,-4518,-4518,-4518,1618,1620,-3276,2562,-1623,
-4518,762,722,-521,-4518,61,-4518,1141,-4518,-4518,
-3548,-4518,-41,-2556,12,-4518,-4518,-3081,-3590,-1599,
-4518,-4518,-3267,-3031,1958,-4518,-4518,377,-4518,-4518,
-4518,-4518,-3075,-4518,-1696,-2225,-4518,-4518,548,-4518,
486,547,-4518,482,-3647,-4518,540,-1503,2304,-4518,
3528,-3038,-2446,-4518,-3985,-2097,802,-2317,1184,-4518,
-4518,-4518,-4518,-4518,-4518,-4518,-4518,-4518,-4518,-4518,
-4518,-4518,-4518,-4518,-4518,-4518,-1548,-4518,-4518,1017,
1506,-4518,2400,2096,-4518,2410,-4518,-4518,-4518,-4518,
-4518,-4518,-4518,-4518,-4518,2865,-4518,736,-1856,2866,
-4518,2868,523,-2656,-1132,-4518,-1124,-4518,-1644,3730,
-1682,-3779,-4518,-4518,-4518,-4518,-4518,3751,-4518,-4518,
-4518,-4518,-4518,-4518,-4518,-4518,-4518,-4518,3106,-4518,
-4518,-4518,-4518,4345,-4518,3107,-4518,-4518,-4518,-4518,
-4518,1633,-4518,2570,-4518,-4518,-4518,-4518,-4518,-4518,
-4518,2306,3594,-4518,-4518,55,-4518,-4518,-4518,-4518,
2578,-4518,-4518,3608,2210,-4518,-4518,1937,2602,-1767,
1384,-1690,5380,1,-11,24,-4518,-4518,3230,-4518,
-4518,-2221,-4518,-4518,-4518,-4518,4443,-679,-977,-4518,
-4518,3053,-4518,4450,4109,3369,-356,4413,-4518,-1289,
-4518,-21,-4518,-4518,-864,-4518,-4518,-4518,-701,1036,
-4518,-4518,-4518,-4518,-4518,-4518,-4518,-4518,-4518,-4518,
-4518,2685,-4518,-4518,-4518,-4518,-4518,-4518,3434,2733,
-4518,-4518,-2626,-4518,-2370,-1923,-4518,-2504,480,-4518,
-4518,-4518,-4518,-4518,-4518,507,-4518,181,-4518,-4518,
-4518,-4518,-2061,-4518,-4518,-4518,-4518,-1024,-2507,-1146,
-1142,-4518,4204,-4518,-4518,-4518,-2949,-4518,-2660,-4518,
-4518,-4518,-4518,-2948,-1775,-4518,-1729,2583,2585,2586,
2588,-4518,-4518,89,-4518,176,-4518,-10,-4518,-29,
-4299,-4297,667,-4518,935,-4518,-4518,-4518,379,1657,
381,-2286,-2413,-1235,1845,-4518,-4518,-2120,4239,-2163,
-2012,1373,660,14,4393,3873,-3127,-4518,936,-4518,
503,1918,-2573,-4518,-4518,1699,-1133,-4518,543,-3080,
-4518,-1036,-4518,-4518,-2852,648,-2068,-2383,-2267,-2527,
-2392,-4518,-4518,3089,-729,-4518,-4518,-4518,-4518,-4518,
-4518,-4518,-4518,-4518,-4518,-4518,-4518,-4518,-4518,-4518,
-4518,-4518,-4518,-549,-191,-69,-3899,5475,3395,-4518,
2724,3794,3799,-4518,-4518,4054,1997,1998,-4518,-3681,
-2537,-4518,-4518,-4518,-997,-1213,995,3898,1440,2007,
-2908,1019,-4089,3803,-4518,-3541,1008,4356,3807,-3221,
3817,-4518,-4518,-4518,-4518,-4518,3213,-4518,-4518,-4518,
-4518,-4518,-4518,-4518,-4518,-4518,-4518,-4518,-4518,-4518,
-4518,-4518,-4518,-4518,-4518,-4518,-4518,-4518,-4518,-4518,
-4518,-4518,-4518,-4518,-4518,-4518,-4518,-4518,-4518,-4518,
-4518,-4518,-4518,-4518,-4518,-4518,-4518,-4518,-4518,-4518,
-4518,-4518,-4518,-4518,-40,-1313,-4518,-4518,-4518,1502,
3944,3219,-861,-4518,-4518,-4518,-4518,4364,-4518,-4518,
-4518,-4518,-4518,-4518,-4518,-4518,-4518,-4518,-4518,2726,
2334,-4518,-4518,-4518,-4518,-4518,3339,-4518,-4518,-4518,
-4518,-4518,-4518,-4518,-4518,-4518,-4518,-4518,-4518,-4518,
-4518,-4518,-4518,-4518,-4518,-4518,-4518,740,50,-4518,
1375,36,-4518,948,-4518,-4518,-4518,-4518,-4518,-31,
-4518,-4518,-36,-4518,-4518,-4518,-4518,-2699,-1153,-1305,
1075,1271,-3732,-2443,-2058,-3534,-1199,-4518,-4518,1030,
-4518,-2937,725,-758,-1295,-1296,110,2514,3356,-1487,
-4518,5122,-880,-1657,-2054,973,4200,-6,-4518,-2898,
-4518,581,117,1710,11,3309,-3656,-4518,15,74,
-4518,808,348,-4518,-4518,805,-4518,-4518,-4518,260,
-4518,-4518,-4518,-4518,4032,-4518,2628,5511,-4518,-4518,
-4518,3303,5512,-963,-4518,4039,3326,-4518,3329,-4518,
-4518,-4518,-2128,-4518,-4518,155,-4518,2717,-4518,-4518,
-4518,-4518,-4518,-4518,-4518,-4518,-4518,-4518,-4518,-4518,
-4518,-4518,-4518,-2059,4089,4569,4129,-4518,-4518,2567,
-4518,-2725,-1404,-1175,-1428,-4518,4457,2964,2973,-2250,
-1063,-1062,-989,-1107,-1006,-994,-4518,3908,-1510,-4518,
-4518,2220,-4518,2965,799,-4518,-4518,617,-4518,-4518,
1739,4580,4092,-4518,-4518,-4518,-4518,-4518,1979,-4518,
-12,-1,-4518,-380,-4518,-4518,-4518,49,5563,5565,
-4518,-4518,180,-4518,-935,-4518,-4518,-4518,-4518,-4518,
4366,-4518,-4518,4367,-4518,-4518,-4518,-4518,-4518,109,
4369,-4518,-4518,-4518,-4518,-4518,-4518,1831,-4518,-4518,
-4518,-4518,-4518,-4518,2074,-4518,-4518,-4518,-4518,107,
-4518,-4518,-4518,276,-4518,1676,-4518,1302,-4518,1196,
869,1781,-2482
