0,832,833,833,833,833,833,833,834,835,
834,834,836,836,837,837,838,838,838,838,
838,838,838,838,838,838,838,838,838,838,
838,838,838,838,838,838,838,838,838,838,
838,838,838,838,838,838,838,838,838,838,
838,838,838,838,838,838,838,838,838,838,
838,838,838,838,838,838,838,838,838,838,
838,838,838,838,838,838,838,838,838,838,
838,838,838,838,838,838,838,838,838,838,
838,838,838,838,838,838,838,838,838,838,
838,838,838,838,838,838,838,838,838,838,
838,838,838,838,838,838,838,838,838,838,
838,838,838,838,838,838,838,838,838,838,
838,838,838,838,838,838,838,838,838,838,
838,838,838,838,838,838,838,838,838,838,
838,838,839,840,840,841,842,842,844,843,
845,845,846,846,847,849,848,851,850,852,
850,853,853,854,854,854,854,854,854,854,
855,855,856,856,857,858,858,859,859,860,
860,861,861,862,863,863,864,864,865,866,
866,867,867,867,867,867,867,867,867,867,
867,867,867,867,867,867,867,867,867,867,
867,867,867,867,867,867,867,867,867,867,
867,867,867,867,867,868,868,868,869,870,
870,871,871,871,871,872,872,872,873,873,
874,874,874,874,875,875,876,876,876,876,
877,878,880,879,879,879,879,879,879,879,
881,881,882,882,882,882,882,883,883,884,
884,884,885,885,886,886,886,886,886,886,
886,888,887,890,889,889,891,891,891,891,
891,892,892,893,893,894,894,895,895,896,
896,898,897,899,899,899,899,899,899,899,
899,899,899,899,899,899,900,900,901,901,
902,902,903,903,903,903,903,903,903,903,
904,904,904,905,905,906,907,907,908,908,
909,909,910,911,911,912,912,913,914,914,
914,914,915,915,916,916,917,917,918,918,
919,918,920,918,921,921,922,922,923,924,
924,925,926,926,927,927,927,927,927,928,
929,929,930,930,931,931,932,932,933,933,
933,934,934,934,934,934,934,934,934,934,
934,934,934,935,936,937,937,937,938,938,
939,939,940,941,941,942,942,943,944,944,
945,946,946,946,946,946,946,946,946,946,
946,946,946,946,947,947,948,948,949,949,
949,949,949,949,949,949,949,949,949,949,
949,951,950,953,952,955,954,957,956,958,
959,960,962,961,963,964,964,964,965,965,
967,968,969,966,970,970,970,971,971,973,
974,972,976,975,977,977,978,978,980,981,
979,983,984,982,985,985,987,986,988,988,
990,989,992,991,994,993,995,996,997,995,
998,999,995,1000,1000,1001,1001,1001,1002,1002,
1003,1003,1004,1004,1005,1005,1006,1006,1006,1006,
1006,1006,1006,1006,1006,1006,1006,1007,1007,1008,
1008,1009,1009,1009,1009,1009,1009,1009,1010,1010,
1011,1011,1012,1013,1013,1014,1014,1015,1015,1015,
1015,1015,1015,1015,1016,1016,1017,1017,1018,1018,
1018,1019,1020,1020,1021,1022,1023,1024,1025,1026,
1027,1028,1029,1030,1031,1032,1033,1033,1034,1035,
1036,1036,1037,1037,1038,1038,1039,1039,1039,1040,
1040,1041,1042,1042,1042,1042,1042,1042,1043,1043,
1044,1044,1045,1045,1046,1046,1046,1047,1047,1048,
1048,1049,1049,1050,1050,1051,1051,1052,1053,1053,
1053,1054,1054,1055,1055,1056,1056,1058,1057,1059,
1059,1060,1060,1061,1061,1062,1062,1063,1064,1064,
1065,1065,1066,1066,1066,1066,1066,1066,1066,1066,
1067,1067,1068,1068,1069,1069,1070,1070,1071,1071,
1071,1072,1072,1073,1073,1074,1074,1075,1075,1076,
1076,1076,1076,1076,1076,1076,1076,1076,1076,1076,
1076,1076,1076,1076,1076,1076,1076,1076,1076,1076,
1076,1076,1076,1076,1076,1076,1076,1076,1076,1076,
1076,1076,1076,1076,1077,1077,1078,1079,1080,1081,
1081,1081,1081,1081,1081,1082,1082,1082,1083,1083,
1083,1083,1084,1084,1085,1085,1086,1087,1087,1088,
1088,1088,1088,1088,1088,1089,1090,1090,1091,1091,
1092,1092,1093,1094,1094,1095,1095,1096,1096,1096,
1097,1097,1097,1097,1097,1097,1097,1097,1097,1097,
1097,1097,1097,1097,1097,1097,1097,1097,1097,1097,
1097,1097,1097,1097,1097,1097,1097,1097,1097,1097,
1097,1097,1097,1097,1097,1097,1097,1098,1098,1098,
1098,1098,1098,1098,1098,1099,1099,1100,1100,1101,
1101,1101,1101,1101,1102,1102,1102,1102,1102,1103,
1103,1104,1104,1105,1105,1105,1105,1106,1106,1107,
1107,1107,1108,1109,1109,1110,1110,1110,1111,1111,
1112,1112,1113,1113,1113,1114,1114,1114,1114,1115,
1115,1116,1116,1117,1117,1118,1118,1119,1119,1119,
1119,1119,1119,1119,1119,1119,1119,1119,1119,1119,
1119,1119,1119,1119,1119,1119,1119,1119,1120,1120,
1120,1121,1121,1121,1122,1123,1123,1124,1124,1125,
1125,1126,1126,1127,1127,1128,1128,1129,1129,1130,
1130,1131,1131,1132,1132,1132,1133,1133,1133,1134,
1134,1134,1134,1134,1134,1134,1135,1135,1137,1136,
1138,1138,1139,1140,1140,1141,1141,1142,1142,1142,
1142,1143,1143,1143,1143,1143,1144,1144,1144,1144,
1144,1145,1145,1146,1146,1147,1147,1148,1148,1148,
1149,1149,1150,1150,1151,1151,1152,1152,1153,1153,
1154,1154,1155,1156,1156,1157,1157,1158,1158,1159,
1159,1159,1159,1159,1160,1160,1160,1161,1161,1162,
1162,1163,1163,1164,1164,1164,1165,1165,1166,1166,
1167,1167,1168,1168,1169,1169,1170,1170,1171,1171,
1173,1172,1175,1174,1177,1176,1179,1178,1180,1178,
1182,1181,1183,1184,1184,1184,1184,1185,1186,1187,
1187,1187,1187,1187,1187,1187,1187,1187,1188,1188,
1189,1190,1191,1191,1191,1192,1192,1193,1193,1194,
1194,1194,1194,1194,1194,1194,1194,1194,1194,1194,
1194,1194,1194,1194,1194,1195,1195,1196,1196,1197,
1197,1197,1197,1198,1199,1199,1199,1199,1200,1200,
1201,1201,1202,1202,1203,1203,1204,1204,1205,1205,
1206,1206,1206,1206,1207,1207,1207,1207,1207,1207,
1207,1207,1207,1207,1207,1207,1207,1207,1207,1207,
1207,1207,1207,1207,1208,1208,1209,1209,1210,1210,
1211,1211,1211,1211,1211,1212,1212,1213,1213,1213,
1213,1213,1213,1213,1213,1213,1213,1213,1213,1213,
1213,1213,1213,1213,1213,1213,1213,1213,1213,1213,
1213,1213,1213,1213,1214,1214,1214,1215,1215,1215,
1215,1215,1216,1217,1217,1218,1219,1219,1220,1220,
1221,1221,1222,1222,1222,1223,1223,1223,1224,1224,
1224,1224,1225,1225,1226,1227,1227,1228,1228,1229,
1229,1229,1230,1231,1232,1233,1235,1236,1234,1237,
1238,1238,1239,1239,1240,1240,1240,1241,1241,1242,
1242,1243,1243,1244,1244,1245,1245,1246,1246,1247,
1247,1248,1248,1249,1249,1249,1249,1249,1250,1251,
1251,1251,1252,1253,1253,1254,1254,1255,1255,1255,
1256,1257,1257,1257,1258,1258,1259,1259,1260,1260,
1260,1261,1262,1263,1263,1264,1264,1265,1265,1265,
1265,1265,1265,1266,1267,1267,1267,1269,1268,1268,
1270,1270,1271,1271,1272,1273,1273,1274,1274,1275,
1276,1276,1277,1277,1278,1278,1279,1280,1281,1281,
1282,1282,1283,1283,1283,1284,1284,1284,1284,1285,
1285,1286,1286,1286,1286,1286,1287,1287,1288,1288,
1288,1289,1289,1290,1290,1291,1292,1292,1293,1293,
1294,1295,1296,1296,1297,1297,1298,1298,1299,1299,
1300,1300,1300,1301,1301,1302,1303,1303,1304,1304,
1305,1305,1305,1306,1306,1307,1307,1307,1307,1307,
1308,1308,1309,1309,1309,1309,1309,1309,1309,1309,
1309,1309,1309,1310,1310,1310,1310,1310,1311,1311,
1311,1311,1311,1311,1311,1311,1311,1311,1311,1311,
1311,1311,1311,1311,1311,1312,1312,1313,1313,1313,
1313,1313,1313,1313,1313,1313,1313,1313,1313,1313,
1313,1313,1314,1314,1315,1315,1316,1316,1317,1317,
1318,1318,1318,1318,1318,1318,1318,1319,1319,1320,
1320,1320,1320,1320,1320,1320,1320,1320,1320,1320,
1320,1320,1320,1320,1320,1320,1320,1320,1320,1320,
1320,1320,1320,1320,1320,1320,1320,1320,1320,1320,
1320,1320,1320,1320,1320,1321,1321,1322,1322,1322,
1322,1322,1322,1322,1322,1322,1322,1322,1322,1322,
1322,1322,1322,1322,1322,1322,1322,1322,1322,1322,
1322,1322,1322,1322,1322,1323,1323,1323,1323,1323,
1323,1323,1323,1323,1323,1323,1323,1323,1323,1323,
1323,1323,1323,1323,1323,1323,1323,1323,1323,1324,
1324,1325,1325,1325,1325,1325,1325,1325,1325,1325,
1325,1325,1325,1325,1325,1325,1325,1325,1325,1325,
1325,1325,1325,1325,1326,1326,1326,1326,1326,1326,
1326,1327,1327,1328,1328,1329,1329,1330,1330,1331,
1331,1332,1332,1333,1334,1334,1335,1335,1335,1335,
1335,1335,1335,1335,1335,1335,1335,1335,1335,1335,
1335,1335,1335,1335,1335,1335,1335,1335,1335,1336,
1336,1337,1337,1337,1338,1338,1339,1339,1339,1339,
1339,1339,1339,1339,1339,1339,1339,1340,1340,1341,
1341,1342,1342,1342,1343,1343,1344,1344,1344,1345,
1345,1345,1346,1346,1347,1348,1348,1349,1350,1351,
1352,1352,1353,1353,1354,1354,1355,1355,1356,1356,
1357,1357,1357,1357,1357,1358,1359,1359,1359,1359,
1359,1360,1360,1360,1360,1360,1361,1361,1361,1362,
1363,1364,1364,1365,1365,1366,1366,1367,1367,1368,
1368,1369,1370,1370,1370,1370,1370,1370,1370,1370,
1370,1370,1370,1370,1370,1370,1370,1370,1370,1370,
1370,1370,1370,1370,1371,1371,1372,1372,1373,1373,
1374,1374,1375,1375,1376,1376,1377,1377,1378,1378,
1378,1379,1379,1380,1380,1380,1380,1380,1380,1381,
1381,1381,1382,1382,1382,1382,1383,1383,1384,1384,
1385,1385,1386,1386,1387,1388,1388,1388,1388,1388,
1388,1389,1389,1390,1390,1391,1392,1392,1393,1393,
1394,1395,1396,1396,1397,1397,1397,1398,1398,1399,
1399,1399,1399,1400,1400,1401,1402,1403,1403,1403,
1404,1404,1404,1404,1405,1405,1406,1406,1407,1407,
1408,1408,1409,1410,1410,1411,1411,1412,1412,1413,
1414,1414,1415,1415,1415,1415,1415,1415,1415,1415,
1415,1415,1415,1415,1416,1416,1416,1416,1416,1416,
1416,1416,1416,1417,1417,1417,1417,1418,1418,1419,
1419,1420,1420,1421,1421,1422,1423,1423,1424,1424,
1425,1425,1426,1426,1427,1428,1428,1429,1429,1430,
1430,1431,1431,1432,1433,1433,1433,1433,1434,1434,
1435,1435,1436,1436,1437,1438,1438,1439,1440,1440,
1441,1441,1442,1442,1443,1443,1444,1445,1445,1445,
1446,1446,1446,1446,1446,1447,1447,1448,1448,1448,
1448,1448,1448,1449,1449,1449,1449,1449,1450,1450,
1450,1450,1450,1451,1451,1451,1451,1451,1452,1453,
1453,1454,1454,1455,1455,1456,1457,1457,1457,1458,
1459,1460,1461,1462,1462,1463,1464,1465,1466,1467,
1468,1469,1470,1471,1472,1473,1474,1475,1475,1476,
1476,1477,1477,1478,1478,1479,1479,1480,1480,1481,
1481,1482,1482,1483,1483,1483,1484,1484,1484,1485,
1485,1485,1485,1486,1486,1487,1487,1488,1488,1488,
1489,1489,1489,1490,1490,1491,1492,1492,1493,1493,
1494,1494,1495,1495,1496,1496,1497,1497,1498,1499,
1500,1500,1501,1501,1502,1502,1503,1503,1504,1504,
1505,1506,1506,1507,1507,1508,1509,1509,1510,1510,
1510,1511,1511,1512,1512,1513,1513,1513,1514,1515,
1515,1516,1516,1517,1517,1518,1518,1518,1518,1518,
1518,1518,1518,1518,1519,1519,1520,1521,1522,1523,
1524,1525,1526,1527,1528,1529,1530,1531,1532,1533,
1534,1535,1536,1537,1538,1539,1540,1541,1542,1543,
1544,1545,1546,1547,1548,1549,1549,1549,1550,1551,
1552,1553,1554,1555,1556,1557,1558,1559,1560,1561,
1562,1563,1564,1565,1565,1566,1566,1567,1567,1568,
1568,1569,1569,1570,1570,1570,1570,1571,1571,1572,
1572,1573,1573,1574,1574,1574,1575,1576,1577,1577,
1577,1577,1577,1577,1578,1578,1579,1579,1580,1580,
1581,1581,1582,1582,1583,1583,1583,1585,1584,1587,
1586,1586,1588,1588,1589,1588,1590,1590,1591,1591,
1591,1591,1591,1591,1591,1591,1591,1591,1591,1592,
1592,1594,1593,1593,1595,1595,1596,1596,1597,1597,
1597,1599,1598,1600,1598,1601,1601,1602,1602,1604,
1603,1605,1606,1606,1607,1608,1608,1608,1609,1610,
1611,1611,1612,1612,1613,1613,1614,1614,1614,1615,
1615,1615,1616,1616,1617,1617,1618,1618,1619,1619,
1620,1620,1621,1621,1622,1622,1622,1622,1623,1623,
1624,1624,1625,1625,1626,1626,1627,1627,1628,1628,
1629,1629,1629,1630,1630,1631,1631,1632,1632,1633,
1633,1634,1635,1635,1636,1636,1637,1637,1638,1638,
1639,1639,1639,1639,1640,1640,1640,1641,1642,1642,
1642,1643,1643,1644,1645,1645,1645,1645,1645,1645,
1645,1645,1645,1646,1646,1647,1647,1647,1648,1648,
1648,1649,1649,1649,1650,1650,1651,1652,1652,1653,
1654,1655,1655,1656,1656,1657,1657,1658,1658,1659,
1659,1660,1660,1661,1662,1663,1664,1665,1666,1667,
1667,1668,1669,1669,1670,1670,1671,1671,1672,1672,
1673,1673,1673,1674,1674,1674,1675,1675,1676,1676,
1677,1677,1678,1679,1679,1679,1679,1679,1680,1680,
1680,1681,1681,1681,1681,1681,1681,1681,1681,1681,
1681,1681,1681,1681,1681,1681,1681,1681,1681,1681,
1681,1681,1681,1681,1681,1681,1681,1681,1681,1681,
1681,1681,1681,1681,1681,1681,1682,1682,1682,1683,
1683,1683,1683,1683,1683,1683,1683,1683,1684,1684,
1684,1684,1684,1684,1684,1684,1684,1684,1684,1684,
1684,1684,1684,1684,1684,1684,1684,1684,1684,1684,
1684,1684,1684,1684,1684,1684,1684,1684,1684,1684,
1684,1684,1684,1684,1684,1684,1684,1684,1684,1684,
1684,1684,1684,1684,1684,1684,1684,1684,1684,1684,
1684,1684,1684,1684,1684,1684,1684,1684,1684,1684,
1684,1684,1684,1684,1684,1684,1684,1684,1684,1684,
1684,1684,1684,1684,1684,1684,1684,1684,1684,1684,
1684,1684,1684,1684,1684,1684,1684,1684,1684,1684,
1684,1684,1684,1684,1684,1684,1684,1684,1684,1684,
1684,1684,1684,1684,1684,1684,1684,1684,1684,1684,
1684,1684,1684,1684,1684,1684,1684,1684,1684,1684,
1684,1684,1684,1684,1684,1684,1684,1684,1684,1684,
1684,1684,1684,1684,1684,1684,1684,1684,1684,1684,
1684,1684,1684,1684,1684,1684,1684,1684,1684,1684,
1684,1684,1684,1684,1684,1684,1684,1684,1684,1684,
1684,1684,1684,1684,1684,1684,1684,1684,1684,1684,
1684,1684,1684,1684,1684,1684,1684,1684,1684,1684,
1684,1684,1684,1684,1684,1684,1684,1684,1684,1684,
1684,1684,1684,1684,1684,1684,1684,1684,1684,1684,
1684,1684,1684,1684,1684,1684,1684,1684,1684,1684,
1684,1684,1684,1684,1684,1684,1684,1684,1684,1684,
1684,1684,1684,1684,1684,1684,1684,1684,1684,1684,
1684,1684,1684,1684,1684,1684,1684,1684,1684,1684,
1684,1684,1684,1684,1684,1684,1684,1684,1684,1684,
1684,1684,1684,1684,1684,1684,1684,1684,1684,1684,
1684,1684,1684,1684,1684,1684,1684,1684,1684,1684,
1684,1684,1684,1684,1684,1684,1684,1684,1684,1684,
1684,1684,1684,1684,1684,1684,1684,1684,1684,1684,
1684,1684,1684,1684,1684,1684,1684,1684,1684,1684,
1684,1684,1684,1684,1684,1684,1684,1684,1684,1684,
1684,1684,1684,1684,1684,1684,1684,1684,1684,1684,
1684,1684,1684,1684,1684,1684,1684,1684,1684,1684,
1684,1684,1684,1684,1684,1684,1684,1684,1684,1684,
1684,1684,1684,1684,1684,1684,1684,1684,1684,1684,
1684,1684,1684,1684,1684,1684,1684,1684,1684,1684,
1684,1684,1684,1684,1684,1684,1684,1684,1684,1684,
1684,1684,1684,1684,1684,1684,1684,1684,1684,1684,
1684,1684,1684,1684,1684,1684,1684,1684,1684,1684,
1684,1684,1684,1684,1684,1684,1684,1684,1684,1684,
1684,1684,1684,1684,1684,1684,1685,1685,1685,1686,
1686,1686,1686,1687,1687,1687,1687,1687,1688,1689,
1689,1689,1689,1689,1689,1689,1690,1690,1690,1690,
1690,1690,1690,1691,1691,1692,1692,1693,1693,1694,
1695,1695,1696,1696,1697,1697,1698,1698,1699,1699,
1699,1699,1699,1700,1700,1700,1700,1701,1701,1701,
1701,1702,1702,1702,1702,1702,1702,1703,1704,1704,
1704,1704,1704,1704,1704,1705,1705,1705,1706,1706,
1707,1707,1708,1709,1709,1710,1711,1711,1712,1712,
1713,1713,1713,1713,1714,1714,1714,1714,1714,1714,
1714,1716,1715,1715,1717,1717,1718,1718,1719,1720,
1720,1720,1722,1721,1721,1723,1724,1725,1726,1726,
1726,1726,1726,1726,1726,1726,1727,1727,1727,1727,
1727,1728,1728,1729,1729,1729,1729,1730,1730,1730,
1730,1730,1731,1731,1732,1731,1731,1731,1733,1733,
1734,1733,1733,1735,1735,1735,1735,1736,1736,1737,
1737,1738,1738,1738,1738,1738,1738,1738,1738,1738,
1738,1738,1738,1738,1738,1738,1738,1738,1738,1738,
1738,1738,1738,1738,1738,1738,1738,1738,1738,1738,
1738,1738,1738,1738,1738,1739,1739,1740,1740,1741,
1741,1742,1742,1742,1743,1743,1743,1743,1743,1744,
1744,1745,1745,1746,1746,1747,1747,1748,1748,1748,
1749,1749,1749,1750,1750,1750,1751,1751,1751,1751,
1751,1751,1752,1753,1754,1755,1756,1757,1758,1758,
1758,1759,1759,1759,1759,1759,1759,1759,1759,1759,
1759,1759,1759,1759,1759,1759,1759,1760,1761,1761,
1762,1762,1763,1763,1764,1764,1765,1765,1765,1765,
1765,1766,1766,1767,1767,1768,1768,1768,1768,1768,
1769,1769,1771,1770,1772,1772,1773,1773,1773,1774,
1774,1774,1775,1775,1776,1777,1777,1778,1779,1780,
1780,1780,1781,1782,1783,1784,1784,1784,1784,1784,
1784,1784,1784,1785,1786,1786,1786,1787,1787,1787,
1787,1787,1788,1788,1788,1788,1788,1788,1789,1789,
1790,1791,1792,1792,1792,1793,1794,1794,1794,1795,
1795,1795,1797,1796,1798,1799,1799,1799,1799,1800,
1800,1801,1801,1803,1802,1804,1804,1806,1807,1808,
1809,1805,1810,1810,1811,1811,1813,1814,1815,1816,
1812,1817,1817,1817,1817,1817,1817,1818,1818,1819,
1819,1819,1820,1820,1821,1821,1821,1822,1822,1823,
1823,1823,1824,1824,1824,1825,1825,1826,1827,1827,
1828,1828,1829,1829,1830,1830,1831,1831,1832,1833,
1833,1834,1834,1835,1835,1835,1836,1836,1837,1837,
1838,1838,1839,1839,1840,1840,1841,1841,1842,1842,
1842,1843,1843,1844
