0,14,17,32,36,50,51,58,63,64,
79,99,121,131,132,143,144,156,170,190,
208,210,215,218,233,241,244,264,281,285,
381,414,425,447,450,452,455,465,466,475,
477,486,492,500,505,506,507,538,545,565,
589,601,605,613,619,636,644,660,661,662,
663,675,712,751,821,833,834,837,838,839,
840,841,843,848,850,876,877,878,879,881,
884,906,928,935,936,1171,1172,1174,1176,1178,
1181,1183,1184,1185,1186,1187,1189,1190,1225,1226,
1233,1234,1237,1250,1252,1256,1261,1262,1266,1268,
1273,1277,1283,1284,1285,1286,1287,1288,1289,1294,
1295,1425,1458,1459,1460,1461,1462,1463,1464,1465,
1466,1467,1468,1469,1470,1471,1472,1473,1474,1483,
1484,1505,1506,1510,1514,1520,1521,1522,1523,1524,
1525,1526,1527,1528,1529,1530,1531,1532,1533,1534,
1535,1536,1537,1538,1539,1540,1541,1542,1543,1544,
1545,1546,1547,1548,1549,1550,1551,1552,1553,1554,
1555,1556,1557,1558,1559,1560,1561,1562,1563,1564,
1575,1576,1578,1584,1593,1603,1607,1609,1610,1688,
1690,1692,1715,1721,1723,1724,1725,1727,1731,1733,
1770,1776,1777,1778,1779,1817,1829,1830,1832,1833,
12,108,127,200,243,286,419,498,563,565,
599,611,707,1789,1790,1791,1794,282,370,1267,
1771,571,1663,235,5,6,8,9,10,11,
12,15,20,23,25,26,27,28,29,30,
32,36,40,43,44,45,47,49,50,53,
56,57,59,60,61,63,65,66,67,68,
69,70,72,73,75,76,77,78,79,80,
81,82,83,84,85,87,88,90,91,92,
93,94,98,103,106,110,111,112,115,120,
121,126,127,129,135,136,137,138,139,143,
146,147,148,152,154,155,157,158,159,162,
163,165,166,167,168,169,170,173,174,175,
176,177,180,181,183,184,185,186,187,190,
191,195,196,198,202,204,205,206,207,209,
211,215,216,218,221,222,226,227,228,229,
232,233,234,237,242,243,244,248,252,253,
255,256,260,262,265,266,269,272,273,279,
280,282,284,286,287,315,319,320,321,322,
324,325,330,331,332,333,334,335,338,339,
341,343,345,346,347,348,349,350,351,352,
353,356,357,360,361,362,363,364,368,369,
373,375,376,378,379,380,383,393,394,395,
397,399,401,402,403,404,405,406,407,408,
409,410,412,414,415,416,418,420,421,422,
423,424,426,427,428,431,435,436,438,439,
442,443,444,445,446,448,449,451,452,453,
456,457,458,459,460,461,462,463,465,467,
468,470,471,472,474,477,478,479,480,482,
484,485,486,487,488,490,491,495,496,497,
498,502,506,508,509,510,511,513,514,515,
516,517,523,524,525,527,530,533,535,537,
538,539,540,541,542,545,546,549,550,551,
552,553,554,557,558,559,560,562,563,566,
567,568,569,572,573,575,576,577,578,584,
585,589,590,591,594,595,597,598,600,601,
604,607,609,611,612,618,620,623,627,629,
630,631,632,639,640,641,643,644,645,646,
649,652,653,654,655,656,658,667,668,669,
671,672,673,675,678,680,687,688,691,693,
695,696,700,701,702,703,704,705,706,707,
709,712,713,714,715,716,717,718,720,721,
722,723,724,725,726,727,728,729,730,731,
732,735,737,738,739,740,741,742,743,744,
745,746,747,748,749,750,752,753,754,755,
756,757,758,759,760,761,762,763,764,765,
766,767,768,769,770,771,772,773,774,775,
776,777,778,779,780,781,782,783,784,785,
786,787,788,789,790,791,792,794,795,796,
798,799,800,802,804,806,900,1660,1669,1679,
1680,1681,1683,1684,1687,456,562,565,1717,1717,
640,1772,108,199,286,389,498,518,563,568,
599,603,611,653,707,1149,1479,1786,1790,1791,
1792,1793,1794,8,23,29,35,37,38,39,
41,54,55,61,62,69,72,96,97,102,
104,107,108,113,114,115,120,122,125,171,
178,179,188,195,205,207,213,219,226,230,
241,245,271,279,290,318,323,334,338,340,
344,345,346,347,348,355,365,366,367,371,
372,396,408,409,411,426,454,455,474,476,
483,484,490,543,544,551,555,556,561,571,
575,576,577,578,587,588,589,593,596,611,
615,616,617,619,624,626,631,632,649,664,
665,670,676,677,679,682,683,684,685,686,
690,692,694,744,782,799,813,814,815,819,
821,825,829,830,1122,1287,1305,1306,1309,1310,
1311,1313,1317,1320,1322,1323,1325,1326,1327,1334,
1335,1339,1362,1363,1364,1639,1641,1644,1645,1646,
1647,1648,1649,1652,1655,1657,1660,1669,1781,1783,
108,167,200,235,286,419,498,518,563,586,
599,611,627,653,707,1479,1669,1267,103,535,
937,13,14,99,130,144,167,170,183,210,
235,241,274,285,420,424,440,448,456,492,
505,506,557,586,608,610,1660,1663,1670,1674,
1681,1684,1685,1687,1737,1738,1658,1669,849,565,
128,220,293,1485,406,658,87,427,1608,111,
235,646,1611,243,1717,1267,1669,1604,486,611,
1717,1267,128,293,1486,1509,652,1594,521,925,
929,930,1669,230,1477,1772,1669,13,140,220,
526,527,529,530,531,548,1296,1297,1298,1784,
61,62,125,209,282,351,403,497,584,652,
653,671,707,825,1124,1660,1672,1680,1681,1683,
1684,1686,1689,1699,1704,1705,35,36,61,72,
97,99,109,158,163,166,176,198,200,209,
211,282,380,407,418,419,422,423,443,497,
546,565,630,752,753,798,1124,1566,1568,1569,
1570,1700,929,204,584,752,204,752,1658,1669,
565,1515,406,658,243,1722,1669,483,1495,1499,
659,1426,1427,1669,32,79,154,414,436,477,
538,1820,1313,1669,1660,400,1041,821,1782,1783,
243,282,1309,1284,1285,1287,1425,1492,0,156,
835,414,104,274,611,1198,1663,1669,1673,1675,
1676,1759,1762,126,403,611,1227,1228,1229,1230,
1231,1232,194,246,285,1299,1300,1456,387,602,
657,793,1438,1439,1286,130,608,17,195,1579,
1580,1658,160,1202,1669,160,900,137,152,448,
479,1726,212,900,1673,1669,1658,563,1477,212,
167,1180,1789,1717,1772,1274,1275,1658,821,907,
827,185,517,1475,1658,1475,19,1773,230,1072,
235,212,455,1673,235,716,1669,563,1072,1072,
212,235,565,1785,1785,1789,1794,821,821,821,
1320,821,821,821,1309,1375,821,821,821,821,
821,821,821,821,1308,1308,821,1110,821,821,
821,571,821,821,821,1782,821,821,821,821,
821,821,821,821,821,1309,821,821,821,1373,
1374,1655,1669,821,821,821,821,821,821,821,
821,821,1309,1110,821,821,821,821,821,821,
821,821,821,821,821,821,821,821,821,821,
1110,571,821,821,821,571,821,821,821,37,
219,571,821,1308,1110,1110,821,821,821,821,
821,821,821,821,821,821,821,821,821,821,
821,821,821,821,821,821,821,821,821,1320,
1320,1320,619,1285,1287,1309,825,1673,1669,826,
18,19,21,386,389,571,647,1307,1314,1315,
1668,1669,160,161,201,214,254,267,294,358,
1318,33,141,249,275,344,365,366,441,503,
504,516,721,811,812,813,814,815,816,817,
818,1316,1320,71,388,571,1664,259,651,821,
827,1477,1477,1477,1669,212,1477,1477,716,1669,
1477,563,1477,1477,1477,212,1717,844,1585,135,
418,1736,480,480,563,568,611,627,653,653,
384,821,1763,562,377,1763,67,510,1763,109,
627,1763,825,1763,377,582,826,380,68,432,
827,1673,197,231,1221,1669,1663,1831,1309,246,
85,293,1614,194,1716,1717,197,35,1605,1669,
1270,1676,1269,1717,246,1487,1477,1596,35,752,
1595,1598,620,926,500,931,171,13,424,1737,
582,1773,1305,1298,500,653,827,35,125,160,
501,1125,1496,1673,194,582,1496,255,432,1707,
1708,1710,1712,13,125,364,1674,1677,1745,212,
825,1673,35,125,1127,1128,1673,827,125,584,
1695,1703,1705,826,1696,1496,287,799,166,275,
634,1422,1574,821,108,167,200,419,565,586,
611,627,1574,13,1565,1673,276,1443,1444,197,
249,1567,1571,198,70,542,194,562,70,542,
13,43,94,98,253,331,395,517,559,1516,
1517,1518,166,542,1443,542,838,1574,157,421,
585,234,235,261,1148,73,562,542,623,931,
432,636,1238,1239,1240,446,533,1245,1246,1247,
1245,1658,1669,1831,1717,821,826,1426,826,821,
1428,37,219,1640,1664,1819,1819,1819,96,1818,
1819,1819,156,827,821,48,156,156,197,111,
156,822,1299,822,822,824,1669,1308,821,138,
228,372,1748,1752,1753,1760,825,7,125,138,
144,228,343,1747,1748,1752,1753,1754,1755,1756,
1757,464,826,1765,160,160,160,826,502,608,
1301,146,391,825,1454,1455,1457,1673,249,1300,
1456,1299,48,13,140,1780,1780,1780,1443,1438,
231,293,428,1512,1513,1509,195,1579,160,246,
1581,194,1577,1582,1583,1640,1669,332,569,595,
1173,1676,1177,1669,1669,745,783,1673,1669,1175,
383,7,26,84,144,237,322,369,450,629,
747,1008,1009,1022,1023,1024,1025,1031,1033,1034,
1035,1566,7,12,14,17,27,28,58,63,
64,69,77,83,84,87,96,111,125,129,
137,138,144,152,158,169,192,233,235,242,
262,285,321,339,343,381,387,394,403,435,
450,451,452,482,538,539,540,541,546,563,
566,589,602,636,639,724,725,726,747,748,
1024,1073,1076,1078,1079,1131,1203,1204,1206,1207,
1209,1211,1212,1213,1214,1216,1218,1669,1669,900,
532,1795,1796,1179,1475,249,826,235,263,400,
1146,1280,1281,1309,1371,1372,1669,852,582,176,
428,826,1251,59,176,180,194,330,428,1263,
1264,1265,57,368,368,447,1774,1316,1669,1669,
1669,518,193,1669,708,7,1002,1669,1676,1749,
1761,1745,1669,1669,1072,11,167,200,419,586,
887,1788,1796,1802,1804,1805,1812,200,887,1787,
1796,1802,1805,1812,1785,1309,1309,13,140,1369,
1420,1369,1369,1369,633,1377,1309,1309,1372,1372,
1309,1309,140,1369,1420,822,372,822,822,1309,
1309,1309,1309,1655,116,117,118,119,120,223,
224,225,226,334,336,337,338,345,426,489,
490,631,648,649,1415,1416,1309,1371,112,115,
575,578,1417,140,1365,1309,1309,1309,1309,1415,
1309,1372,1374,10,826,827,140,1369,1309,1309,
140,1369,1309,1309,1372,1372,1372,1309,1372,1313,
1309,1309,1309,1309,1309,1309,822,1309,1369,1369,
1309,1309,140,1369,1309,1416,1416,1309,46,268,
583,1309,1309,822,1656,1657,1669,1369,1369,1309,
1309,1309,1369,1369,1372,822,822,1309,1309,1309,
1309,1309,825,1341,1342,1641,1648,1669,822,822,
822,1320,140,1369,1309,1299,822,826,209,282,
497,1701,501,1309,1306,1668,1669,1309,1309,1309,
179,371,588,604,1316,13,20,1311,1319,1313,
1313,821,1782,1320,1313,1313,1313,1313,275,666,
1312,1313,1313,245,1313,245,1313,1313,1313,1313,
1313,33,249,275,441,1673,1320,1664,1664,1309,
1331,1332,1333,815,1669,1669,900,1669,377,1669,
900,1673,708,1031,1033,1480,1481,1482,900,1669,
1676,1744,1475,1745,1669,1477,614,845,35,158,
162,202,287,382,418,442,467,511,542,1586,
1590,1591,1717,86,825,938,939,940,941,1669,
1734,562,1669,1764,1676,1673,200,419,565,1735,
1744,1738,21,1418,1419,186,362,1669,1728,1669,
1831,1487,515,500,826,1828,50,197,1613,30,
1658,1718,1719,1475,825,842,1663,287,826,582,
1271,1272,1658,1475,1658,125,1597,1669,287,1599,
826,1664,56,66,76,90,91,92,106,333,
350,488,550,567,932,934,1736,377,197,377,
486,1775,1774,197,1290,1291,1456,13,364,1745,
1669,71,1130,1309,1676,732,571,1666,273,379,
642,826,1711,826,1709,657,1691,825,826,1669,
209,282,497,652,671,1702,1496,1669,1707,1696,
1496,1697,1698,1699,1704,13,35,125,377,483,
708,1309,1714,542,249,1572,1664,1309,815,1072,
900,900,900,1658,900,1676,1658,287,349,542,
290,372,593,1445,1446,1641,1669,1574,1669,900,
1574,1676,1567,900,1574,252,560,181,194,1519,
826,1572,1567,194,875,1567,1571,1571,1567,1574,
1574,379,642,88,826,1235,826,875,125,1309,
1500,1501,1502,1499,1427,1429,1669,21,826,378,
1822,558,1823,645,258,470,1821,1669,1309,277,
280,429,1042,1043,1676,136,156,836,822,728,
48,785,455,1188,1188,786,787,789,1673,1760,
653,728,1760,636,1760,455,727,1746,455,1746,
1746,455,1746,1746,65,256,364,534,552,643,
1741,1742,1676,1759,636,1195,1661,1663,1661,1661,
1229,666,667,669,1302,1303,1304,571,1665,1665,
1673,826,502,1309,1440,1653,1286,1286,1286,1443,
197,1476,1659,1669,1512,1221,1673,825,87,108,
1283,1483,1484,1505,1510,432,1067,1068,1071,1078,
1079,1080,1131,901,1669,1669,194,368,315,7,
901,821,110,1019,1496,1497,1497,1019,1497,1497,
582,1497,826,1075,158,74,89,199,400,518,
1088,1090,1146,1220,1497,64,89,235,1220,400,
1497,1497,1220,1497,400,400,1497,1497,1497,1497,
582,136,1497,261,400,563,64,89,193,400,
417,1146,1220,261,1497,400,400,563,136,1497,
1497,1497,1497,1497,1220,400,48,1497,1497,400,
21,74,160,582,1146,1224,400,400,1497,584,
1497,1497,1497,139,331,1497,1497,400,1497,618,
618,1497,400,1386,1387,1386,1497,1497,1076,71,
1124,449,1041,1205,826,826,500,709,1837,1182,
491,627,1796,144,608,1260,125,1276,1669,1275,
1658,821,821,1281,822,826,457,458,459,460,
461,462,463,853,854,851,1658,609,1264,57,
447,171,880,377,7,716,111,377,1072,1019,
613,1003,7,19,1750,1751,1752,1753,1754,1755,
1756,1757,125,826,883,591,591,614,1161,1162,
1658,200,1072,1072,1072,1072,1072,1796,826,822,
1369,822,1309,822,822,822,1309,150,633,1376,
21,25,822,614,822,822,822,614,826,1372,
822,815,822,826,826,822,822,822,197,826,
822,826,1372,822,826,826,826,814,826,822,
822,821,1655,1669,1369,822,822,822,1369,822,
826,822,822,822,822,826,822,249,822,826,
826,822,826,826,822,822,822,826,197,826,
1369,822,822,826,826,826,822,197,1309,197,
1309,197,1309,197,822,826,822,822,822,822,
826,21,822,826,822,826,822,822,689,1347,
1347,822,826,1340,822,1340,826,1673,822,1347,
1347,1347,826,1369,822,822,826,1372,827,827,
827,1673,1706,1309,831,179,371,588,604,1782,
19,1309,165,1313,821,1309,1309,1313,821,1782,
1320,1313,1307,822,826,821,827,827,1658,1480,
1477,1075,1010,1011,1012,1031,826,52,469,1222,
192,1843,1475,825,846,847,287,287,287,287,
287,287,826,1475,1592,115,575,578,825,933,
943,1364,1646,1655,1673,826,160,377,822,826,
582,815,1669,1678,1743,636,1739,1669,160,186,
201,214,266,267,294,362,416,1729,1730,1421,
1422,1658,1663,209,652,1824,1826,1827,1663,1278,
1279,1658,282,1612,1419,826,1673,31,582,1606,
1676,1676,826,582,176,428,612,1253,1254,1255,
1386,827,827,19,13,1601,1598,826,160,826,
1732,1676,1744,1735,1669,145,699,719,821,830,
1292,1293,1378,1380,1388,1389,1390,1391,1392,1393,
1394,1658,1782,1421,1290,582,582,582,35,1129,
1673,582,1496,1188,1188,432,453,495,1713,1710,
1708,1745,1673,1677,194,827,827,827,827,827,
1705,1309,1714,826,1703,1663,197,1573,822,1669,
376,826,614,1574,427,1443,1518,1573,1574,60,
1574,1658,1658,1574,513,1240,607,1248,1247,822,
826,822,826,1782,1640,404,194,827,822,73,
821,73,821,401,1045,216,263,828,1497,403,
732,1666,1666,1746,1746,788,788,1751,1754,13,
364,1745,403,144,1673,1751,1666,103,1666,1666,
571,571,571,19,1740,319,320,324,325,1196,
1197,5,403,738,739,1192,1193,1194,1476,668,
1303,1124,1126,1455,341,22,131,1441,1442,826,
1476,1658,1669,197,826,827,1511,1293,1673,122,
188,219,290,372,593,1449,1452,1453,1673,379,
1068,84,77,93,265,342,368,430,532,903,
905,60,477,263,597,1021,108,221,393,403,
410,514,611,885,886,1663,1007,1008,219,290,
372,593,1036,1451,1452,1660,1663,1007,1036,1036,
1669,1663,1844,1009,1497,1169,1669,1146,1147,1267,
1147,64,193,417,603,1089,1145,1160,1169,1669,
821,1669,125,1217,1669,1669,1669,1669,1669,1267,
122,188,290,372,593,1450,1450,1669,122,188,
219,290,372,593,1448,13,1210,1414,1669,1267,
1663,1663,1663,1663,1124,1497,1448,1210,1669,1669,
263,1414,263,1669,1669,1673,1669,1210,1497,186,
266,368,1082,1450,125,1219,1669,1450,1450,1669,
1267,1436,1437,1656,125,1077,1448,1663,1267,1669,
1669,1658,1267,1267,80,82,125,148,187,439,
1081,1077,1077,125,1448,1669,1448,1210,821,371,
1673,821,1844,1844,1497,1497,402,7,144,1073,
1213,1214,1207,1211,1214,717,718,1020,1497,706,
1841,377,895,1199,127,248,1658,672,672,1210,
417,1410,1411,1412,1669,249,1309,160,160,160,
160,160,160,160,826,875,232,444,445,731,
735,737,740,749,754,755,756,757,758,759,
760,761,762,763,764,765,766,767,768,769,
770,771,772,773,774,775,776,777,778,779,
780,781,792,866,867,874,1069,1070,1071,1658,
1021,708,641,1658,1451,286,77,177,184,363,
1004,1005,1006,1022,1023,1025,1026,1029,1030,1031,
1032,1033,1034,1035,1019,1751,1750,790,1758,653,
1749,1765,1497,47,216,485,1164,1164,377,21,
231,275,455,821,1037,1038,1039,1040,1041,1074,
1076,1492,1619,1072,900,900,1669,900,900,245,
1309,822,1346,1347,1346,1346,1346,574,1309,1309,
154,35,62,112,115,123,142,189,205,260,
279,346,347,348,353,356,408,409,434,508,
578,606,649,1099,1103,1370,282,578,1125,1125,
1370,822,1346,822,245,245,1309,1309,1309,387,
1367,1309,1309,1309,1309,1309,1313,822,1346,822,
1346,1309,1309,1309,1309,1309,1309,1372,1346,1346,
245,1309,1309,1309,822,1346,1309,1309,1309,1309,
197,1309,197,1309,197,1309,1309,1346,1346,1309,
35,62,1448,1369,1346,821,1348,1349,1350,1669,
231,693,1344,1341,822,1344,822,1320,1347,596,
1639,822,1346,1309,822,827,1311,822,826,1320,
1320,1415,1415,19,1309,165,1333,1371,815,1669,
1669,1215,1216,1218,1451,1482,1075,1676,1222,1673,
826,875,1591,1587,1673,941,944,945,940,373,
484,942,1735,1669,1744,827,827,582,654,1421,
821,1443,1386,1705,826,826,1280,1281,236,795,
802,1615,432,642,1720,1719,1309,1663,582,1272,
1658,1255,500,619,620,821,1488,1489,1491,1492,
1493,1669,1669,800,875,934,933,210,377,197,
231,1478,1743,821,1782,1293,1380,1389,1390,1391,
1392,730,826,100,238,258,271,354,476,548,
1381,1382,1383,1386,1419,212,1433,1421,1745,1745,
1745,732,1666,1746,1746,78,594,432,1449,1693,
1694,1496,1698,1450,1443,163,630,1446,1446,1744,
372,1443,1661,1567,1567,523,524,525,874,1249,
611,1241,1502,1669,826,335,156,821,1313,821,
1313,1449,554,1046,821,12,1044,1448,1665,403,
500,7,1760,21,48,343,1746,403,1746,1746,
1741,1448,1448,1448,1448,1197,285,605,174,464,
703,704,696,1449,1449,77,746,1191,1194,1125,
73,1620,1653,614,1419,827,1293,1659,815,1669,
500,1497,1497,1663,532,532,1669,532,532,532,
491,1669,377,1663,1016,1017,1018,1022,1031,1033,
1663,1663,1663,1663,1448,1663,1663,822,826,1673,
1169,401,821,1169,821,263,263,1147,366,1091,
1092,1093,1160,821,614,591,1084,1085,1086,1088,
1669,34,35,40,42,44,45,62,112,115,
123,159,187,189,205,206,247,260,279,288,
289,291,327,328,329,346,347,348,353,356,
374,375,408,409,496,500,512,572,575,578,
579,580,581,621,622,649,1094,1097,1098,1099,
1100,1101,1102,1103,1105,1093,1093,655,656,1163,
144,500,1210,1669,1263,826,1449,125,1125,1663,
563,1669,1222,636,563,1663,1094,1210,826,1441,
1210,582,582,1414,1210,1592,1413,1414,1129,1125,
1010,372,1838,1839,1497,137,152,1842,81,487,
450,1200,1428,377,377,822,822,826,1276,821,
855,855,821,860,860,821,863,863,821,858,
854,160,160,160,160,160,160,160,160,160,
160,160,160,160,160,160,160,160,160,160,
160,160,160,160,160,160,160,160,160,160,
160,160,160,160,160,160,160,160,826,875,
1071,821,438,598,1013,1014,1015,1022,1027,1028,
1029,1030,1031,1033,1451,1673,821,882,212,1497,
1497,1497,1497,1075,1010,19,784,1745,1195,611,
708,1836,1658,1492,1658,275,1084,1039,1038,1075,
1040,1669,888,821,472,1813,9,31,1000,1309,
822,1346,1309,574,821,1114,1115,1115,821,1109,
821,1107,1108,1114,413,1104,1106,1114,62,247,
1109,247,1115,720,1321,21,750,822,822,822,
1346,1346,1309,1309,822,822,826,822,48,494,
1366,826,826,822,826,822,249,1328,1329,1346,
1346,822,822,822,822,826,822,822,1309,822,
194,822,822,826,1346,822,826,826,822,1309,
822,1309,822,1309,822,822,822,821,1136,1136,
826,822,1349,1351,1352,687,687,1347,826,1343,
1344,1347,1344,822,743,1324,1346,822,1669,1372,
822,1311,822,826,1320,822,1218,1216,1012,847,
194,636,1588,160,826,1743,636,1767,815,815,
1669,1744,384,1443,1501,500,1488,1489,1496,1826,
1279,1658,1281,231,1282,1665,282,1676,1507,1508,
1656,822,1490,1651,1656,821,1494,1498,1600,160,
384,1735,1744,604,197,1309,1419,826,822,822,
822,822,822,1378,1379,1380,1388,1378,258,258,
390,1385,238,271,476,1384,1385,1388,1378,1378,
1419,1428,48,217,1423,1433,1188,1188,1075,1714,
875,1421,1574,160,160,826,160,403,1242,1448,
1048,1669,822,1048,822,48,821,1050,1313,160,
821,228,791,1760,219,1663,1667,732,1666,1760,
125,245,360,103,125,1449,245,1664,1664,153,
164,385,570,1621,1622,278,1623,1293,1386,1669,
1421,827,1511,1507,1077,1663,111,111,127,248,
368,162,1075,886,821,1449,400,1051,1052,821,
1309,1169,729,821,821,1166,1167,1168,1669,1164,
1164,822,826,1094,1114,1114,1115,23,35,49,
600,625,1114,1124,1132,1133,1134,1109,821,1134,
62,621,1100,1134,1134,62,622,622,625,821,
1115,1109,1109,1134,1114,1115,440,1087,1139,27,
71,75,77,125,366,371,377,417,496,546,
603,705,747,748,1090,1093,1117,1118,1119,1130,
1138,1163,1316,35,1114,1135,1114,1114,1115,821,
1108,1116,1107,125,125,1163,1094,1669,1130,1130,
565,9,186,1223,1437,1669,1669,246,1253,822,
822,813,1075,372,813,1840,1843,366,415,25,
168,889,582,137,152,891,1797,1414,1414,1411,
822,856,857,1669,822,861,862,1669,1678,822,
864,865,1661,1662,821,822,859,821,1661,1448,
1661,371,870,1675,1448,377,741,742,796,871,
1449,282,571,742,872,1448,1448,1661,1663,1448,
1448,1647,1661,1661,1450,1661,1448,1661,1448,1448,
1661,1661,1661,1661,1661,1661,1661,1448,371,873,
1661,1661,1661,1448,1449,867,1167,1497,1497,1075,
882,383,1167,352,713,714,715,1669,1663,1036,
1036,1449,1006,1751,228,1752,1753,1755,1192,1837,
821,1658,822,1076,472,377,1806,123,247,434,
549,1083,821,130,241,608,1001,1415,1309,122,
290,372,593,1134,372,372,822,1370,245,1650,
1415,1415,1309,1368,1653,1640,822,1309,1309,1372,
44,354,822,636,1330,1309,1415,1309,1309,1309,
1309,822,822,822,1449,822,822,1448,1346,822,
400,1353,1309,1347,1347,197,1345,1370,125,162,
371,1399,1401,1402,1403,822,1372,1589,432,56,
66,76,90,91,92,106,333,350,471,488,
550,567,946,945,582,210,636,1766,822,1507,
21,1503,377,1504,377,1309,1825,1282,269,1616,
1660,826,1496,1491,1492,822,826,1500,826,582,
1602,933,197,1743,1478,611,1744,826,1428,1378,
831,258,1385,1385,258,258,377,614,377,614,
192,231,613,1405,1406,1407,1408,1409,101,478,
1309,1434,1654,1309,697,1430,1423,1746,1746,1449,
1663,1663,874,1663,160,126,1243,822,826,822,
1043,1051,822,1449,1047,1048,48,21,1751,403,
1751,1449,125,722,125,1449,48,48,153,48,
1622,536,570,1624,1625,1421,1421,1421,477,1018,
1167,1669,822,826,1167,822,821,1167,1309,822,
826,821,1441,1085,1087,35,23,600,1124,35,
1134,1125,1170,1640,1134,625,1170,1134,508,606,
650,1111,1112,1113,1658,1223,1129,125,148,187,
1120,1663,115,575,578,813,814,821,1122,1123,
1642,1643,1644,1645,608,125,125,139,331,1121,
263,1451,1497,1497,1089,71,1119,203,1095,263,
371,723,1135,1134,1135,1111,372,1111,1111,821,
1643,1223,1658,1669,821,372,1839,372,415,1309,
1309,377,895,900,377,77,896,21,614,636,
1258,1259,822,826,822,826,827,822,826,857,
822,826,868,869,1448,822,1036,1036,1015,821,
822,1661,1661,1661,1661,636,1191,1841,1167,822,
1037,1083,487,908,909,910,1669,515,1814,377,
822,822,822,822,822,822,826,1321,1664,822,
822,822,826,1346,822,826,822,341,265,427,
822,822,822,822,822,822,1137,826,48,387,
1354,186,266,1344,1642,822,1402,1403,377,822,
175,285,1744,384,210,21,1769,1421,1503,1669,
1504,147,249,1617,372,1508,1502,1491,1492,1651,
822,1498,1451,1744,197,1478,1639,822,258,258,
1309,821,1309,821,1146,1146,1406,807,1338,821,
821,638,826,1435,1349,1431,1432,803,1424,1430,
1663,160,405,1244,1669,216,263,822,822,1663,
1667,120,120,1640,1640,48,1640,48,48,1625,
1438,1438,377,822,619,1053,1052,822,1165,1166,
822,822,77,262,747,748,1156,1157,1158,1159,
1162,1163,1168,372,1125,1135,822,826,822,1113,
821,1140,1647,1647,1309,1122,620,1844,1844,1129,
15,21,1309,1208,1209,1051,1415,510,752,1663,
143,1201,1492,1798,111,372,804,805,1257,857,
862,1669,865,826,821,822,826,636,1150,1151,
1152,1159,885,1153,1154,1155,1159,228,1673,1842,
822,515,889,822,826,1097,1663,239,249,392,
911,912,913,914,1658,372,822,21,1653,1309,
341,173,822,1448,1434,48,429,481,681,1355,
1361,1347,377,162,698,1766,384,1676,1443,1504,
1428,263,417,1618,1619,1478,1744,73,1395,1413,
1413,194,1404,1404,708,806,1336,1434,1434,1654,
21,826,1309,1424,1663,160,1236,821,1044,111,
464,1834,1835,1640,1640,1640,276,1447,1447,162,
1150,249,272,77,111,235,321,339,363,563,
1064,1065,1066,1566,1153,822,826,1156,1441,1663,
1497,1497,1497,1158,822,1134,1640,1134,1141,1669,
318,1142,822,821,822,822,890,897,898,636,
1799,1664,673,608,608,857,857,869,397,1215,
1152,822,1215,1155,48,1156,1663,894,895,1807,
910,1130,822,826,1669,194,822,112,822,822,
1440,33,103,245,696,1356,1357,1358,1641,1647,
1769,636,1768,608,263,246,1478,821,822,822,
822,212,258,387,821,821,821,822,822,1350,
1432,1663,875,1313,821,136,368,534,1446,821,
1055,1057,573,1497,136,136,1497,1497,1497,1497,
821,1061,1066,158,1139,1166,1448,1844,1844,1441,
822,826,198,399,509,377,1143,1309,537,892,
54,68,182,230,257,270,380,473,899,950,
952,953,954,956,957,958,959,960,961,963,
971,972,975,986,989,991,992,1660,1671,1682,
1683,1684,1687,53,64,282,822,826,1660,1451,
1215,891,472,1815,913,1097,149,1109,245,696,
1357,1359,1641,1647,483,1309,691,678,1360,691,
691,653,1507,387,565,700,1396,1397,1669,1419,
48,48,1410,1412,825,1337,1641,1647,822,1048,
1497,534,821,1056,1057,1058,326,1054,1057,1663,
1497,1497,1451,1451,1449,1669,554,1062,1063,1497,
1669,130,608,822,1309,155,893,973,976,1669,
197,362,964,951,1671,1671,1669,955,838,292,
454,635,995,32,993,828,64,384,64,857,
896,1097,902,1130,483,822,1309,680,19,680,
680,1415,103,212,368,695,13,125,364,1745,
1658,702,822,826,194,1097,822,822,1673,822,
553,1049,822,1665,822,826,326,1059,1060,1313,
1663,1663,1673,822,826,1673,52,368,469,500,
1144,1144,547,628,1096,1309,1309,633,978,982,
197,1669,966,967,1309,916,949,950,952,954,
956,958,959,960,961,963,971,986,989,991,
916,996,994,987,990,384,384,822,143,1130,
134,903,904,1316,1816,191,412,1800,1801,1415,
1359,691,483,688,1691,1386,1639,1397,701,1130,
1449,1049,1835,1057,822,826,1064,1063,6,125,
371,377,377,1117,974,983,150,982,985,246,
154,1309,154,949,824,607,1309,917,995,993,
897,1808,134,21,949,1811,1673,1803,680,1126,
1395,171,1398,1060,608,130,633,977,979,1309,
916,154,962,230,968,292,824,998,997,124,
915,918,988,1671,988,902,797,1664,1810,949,
83,1636,702,1144,1144,980,979,985,984,54,
965,1669,574,1309,143,95,172,921,947,1669,
154,949,824,1809,160,481,1626,1639,1309,154,
574,826,916,999,916,215,826,1097,86,105,
824,1811,1663,228,1620,1399,1400,1402,981,54,
916,1669,969,154,154,194,1669,1130,194,194,
48,1623,1401,1403,574,150,151,970,454,635,
919,125,948,924,925,1448,920,1640,231,1627,
377,916,916,966,520,522,922,923,924,927,
1316,1669,1309,1283,372,821,1629,826,949,196,
278,481,1628,822,825,1630,1631,1656,500,1632,
923,1673,822,826,1633,1634,1656,801,1637,1631,
826,1496,160,331,1638,1634,1502,372,160,12,
1635,1036,160,794
